strategic_region={
	id=12
	name="STRATEGICREGION_12"
	provinces={
		18 60 75 114 123 153 155 157 175 191 192 223 240 259 269 276 280 290 292 321 322 329 332 347 393 412 446 453 466 474 488 492 493 500 514 536 574 581 592 593 642 643 664 676 722 733 734 753 760 767 775 787 795 804 862 870 875 919 933 935 949 962 965 990 1000 1005 1019 1030 1048 1054 1056 1060 1114 1120 1137 1140 1147 1166 1181 1184 1229 1239 1289 1339 1346 1361 1379 1389 1390 1393 1401 1413 1425 1446 1454 1456 1493 1535 1543 1544 1578 1582 1583 1602 1609 1612 1662 1678 1695 1697 1739 1746 1755 1761 1793 1795 1800 1826 1835 1846 1852 1855 1858 1861 1886 1905 1906 1930 1953 1989 1990 2035 2090 2111 2115 2137 2146 2180 2182 2194 2250 2283 2285 2288 2317 2338 2346 2351 2405 2421 2449 2495 2502 2521 2560 2568 2626 2650 2665 2729 2760 2774 2816 2821 2826 2841 2858 2861 2871 2941 2984 2994 2996 3004 3007 3051 3074 3090 3092 3093 3097 3137 3207 3225 3229 3233 3255 3315 3325 3353 3398 3417 3484 3491 3534 3559 3562 3564 3588 3594 3597 3600 3636 3705 3712 3726 3735 3745 3763 3813 3881 3889 3897 3898 3902 3919 3928 3948 3972 3980 3995 4081 4089 4200 4219 4237 4279 4283 4301 4316 4334 4349 4354 4363 4397 4413 4432 4475 4500 4558 4650 4715 4745 4759 4799 4840 4851 4857 4884 4919 4922 4961 5032 5043 5071 5209 5231 5257 5261 5275 5348 5349 5360 5364 5374 5376 5380 5417 5450 5494 5503 5532 5605 5619 5641 5689 5705 5776 5980 5984 6050 6223 6234 6241 6282 6313 6325 6333 6341 6399 6401 6403 6416 6444 6445 6468 6490 6496 6501 6508 6528 6532 6561 6570 6573 6583 6619 6651 6653 6705 6773 6785 6811 6889 7000 7016 7030 7039 7081 7101 7107 7151 7156 7304 7316 7320 7329 7385 7394 7442 7472 7605 7644 7684 7715 7751 7847 7896 7907 7925 7928 7982 8003 8009 8081 8099 8131 8138 8141 8149 8224 8307 8337 8402 8413 8460 8498 8526 8698 8724 8734 8822 8828 8851 8907 8915 8965 9046 9076 9201 9206 9213 9250 9273 9320 9323 9356 9361 9377 9456 9503 9521 9566 9567 9568 9569 9589 9596 9605 9611 9618 9623 9626 9630 9632 9653 9667 9669 9691 9692 9708 9716 9718 9739 9745 9753 9774 9792 9795 9804 9813 9814 9819 9828 9834 9861 9871 9872 9873 9893 9896 9903 9907 9913 9928 9948 9954 9959 9969 9971 9992 9993 10028 10048 10053 10057 10060 10068 10070 10101 10102 10105 10123 10140 10147 10193 10210 10212 10225 10229 10236 10261 10263 10264 10265 10281 10292 10301 10312 10313 10317 10422 
	}
	weather={
	    period={
			between={ 0.0 30.0 }
			temperature={ 12.0 30.0 }
			no_phenomenon=0.500
			rain_light=0.250
			rain_heavy=0.100
			snow=0.000
			blizzard=0.000
			arctic_water=0.000
			mud=1.000
			sandstorm=0.000
			min_snow_level=0.000
		}
		period={
			between={ 0.1 27.1 }
			temperature={ 12.0 30.0 }
			no_phenomenon=0.500
			rain_light=0.250
			rain_heavy=0.100
			snow=0.000
			blizzard=0.000
			arctic_water=0.000
			mud=1.000
			sandstorm=0.000
			min_snow_level=0.000
		}
		period={
			between={ 0.2 30.2 }
			temperature={ 12.0 30.0 }
			no_phenomenon=0.500
			rain_light=0.250
			rain_heavy=0.100
			snow=0.000
			blizzard=0.000
			arctic_water=0.000
			mud=1.000
			sandstorm=0.000
			min_snow_level=0.000
		}
		period={
			between={ 0.3 29.3 }
			temperature={ 12.0 30.0 }
			no_phenomenon=0.500
			rain_light=0.250
			rain_heavy=0.100
			snow=0.000
			blizzard=0.000
			arctic_water=0.000
			mud=1.000
			sandstorm=0.000
			min_snow_level=0.000
		}
		period={
			between={ 0.4 30.4 }
			temperature={ 12.0 30.0 }
			no_phenomenon=0.500
			rain_light=0.250
			rain_heavy=0.100
			snow=0.000
			blizzard=0.000
			arctic_water=0.000
			mud=1.000
			sandstorm=0.000
			min_snow_level=0.000
		}
		period={
			between={ 0.5 29.5 }
			temperature={ 12.0 30.0 }
			no_phenomenon=0.500
			rain_light=0.250
			rain_heavy=0.100
			snow=0.000
			blizzard=0.000
			arctic_water=0.000
			mud=1.000
			sandstorm=0.000
			min_snow_level=0.000
		}
		period={
			between={ 0.6 30.6 }
			temperature={ 12.0 30.0 }
			no_phenomenon=0.500
			rain_light=0.250
			rain_heavy=0.100
			snow=0.000
			blizzard=0.000
			arctic_water=0.000
			mud=1.000
			sandstorm=0.000
			min_snow_level=0.000
		}
		period={
			between={ 0.7 30.7 }
			temperature={ 12.0 30.0 }
			no_phenomenon=0.500
			rain_light=0.250
			rain_heavy=0.100
			snow=0.000
			blizzard=0.000
			arctic_water=0.000
			mud=1.000
			sandstorm=0.000
			min_snow_level=0.000
		}
		period={
			between={ 0.8 29.8 }
			temperature={ 12.0 30.0 }
			no_phenomenon=0.500
			rain_light=0.250
			rain_heavy=0.100
			snow=0.000
			blizzard=0.000
			arctic_water=0.000
			mud=1.000
			sandstorm=0.000
			min_snow_level=0.000
		}
		period={
			between={ 0.9 30.9 }
			temperature={ 12.0 30.0 }
			no_phenomenon=0.500
			rain_light=0.250
			rain_heavy=0.100
			snow=0.000
			blizzard=0.000
			arctic_water=0.000
			mud=1.000
			sandstorm=0.000
			min_snow_level=0.000
		}
		period={
			between={ 0.10 29.10 }
			temperature={ 12.0 30.0 }
			no_phenomenon=0.500
			rain_light=0.250
			rain_heavy=0.100
			snow=0.000
			blizzard=0.000
			arctic_water=0.000
			mud=1.000
			sandstorm=0.000
			min_snow_level=0.000
		}
		period={
			between={ 0.11 30.11 }
			temperature={ 12.0 30.0 }
			no_phenomenon=0.500
			rain_light=0.250
			rain_heavy=0.100
			snow=0.000
			blizzard=0.000
			arctic_water=0.000
			mud=1.000
			sandstorm=0.000
			min_snow_level=0.000
		}
	}
}
