strategic_region={
	id=19
	name="STRATEGICREGION_19"
	provinces={
		36 145 430 464 530 559 615 616 631 651 678 683 727 792 797 833 839 844 852 1077 1079 1094 1117 1161 1185 1213 1233 1254 1285 1412 1452 1504 1506 1600 1639 1667 1708 1732 1806 1866 1878 1898 1945 1963 2023 2049 2097 2121 2202 2216 2230 2328 2396 2447 2467 2523 2531 2549 2589 2598 2600 2606 2670 2715 2730 2744 2781 2786 2819 2822 2847 2853 2920 3010 3031 3037 3052 3100 3103 3158 3160 3189 3249 3252 3256 3267 3287 3297 3334 3372 3423 3439 3448 3477 3502 3506 3537 3560 3567 3612 3680 3682 3706 3722 3815 3821 3905 3910 3914 3915 3969 4043 4047 4092 4142 4186 4191 4236 4268 4294 4341 4387 4431 4464 4467 4469 4489 4533 4543 4595 4605 4622 4641 4701 4711 4723 4725 4732 4740 4748 4777 4779 4792 4800 4914 4925 4942 4956 4983 4986 4990 5081 5235 5353 5361 5393 5397 5464 5477 5529 5546 5552 5609 5659 5700 5712 5724 5757 5767 5768 5777 5893 5902 5918 5933 5947 5963 5968 5972 6032 6127 6133 6149 6174 6202 6348 6358 6368 6389 6402 6460 6527 6563 6596 6604 6610 6643 6658 6678 6695 6729 6736 6764 6810 6813 6834 6836 6853 6933 6960 6971 7015 7021 7044 7048 7058 7096 7099 7115 7117 7160 7161 7166 7183 7246 7272 7280 7288 7327 7351 7379 7383 7389 7407 7429 7434 7479 7518 7562 7566 7594 7637 7639 7662 7663 7670 7698 7735 7737 7759 7787 7851 7886 7914 7916 8021 8030 8041 8046 8083 8090 8106 8108 8112 8165 8186 8190 8225 8240 8296 8301 8311 8336 8422 8444 8483 8492 8497 8510 8572 8622 8636 8667 8688 8701 8717 8753 8791 8801 8809 8841 8842 8873 8876 8885 8901 8925 8972 8999 9047 9048 9070 9082 9086 9093 9100 9119 9125 9131 9137 9169 9218 9229 9254 9284 9311 9331 9349 9355 9359 9374 9443 9467 9471 9504 9505 9510 9513 9539 10851 10855 10858 10865 10866 10867 10870 10873 10874 10875 10876 10878 10880 10882 10887 10888 10889 10891 10895 10896 10898 10900 10901 10902 10904 10905 10907 10912 10917 10918 10920 10923 10924 10925 10926 10927 10928 10930 10931 10935 10938 10939 10941 10945 10946 10947 10949 10953 10955 10957 10959 10961 10962 10964 10966 10967 10968 10972 10976 10977 10980 10981 10982 10983 10984 10985 10988 10990 10991 10992 10993 10994 10995 10997 10999 11001 11002 11003 11004 11005 11007 11008 11010 11011 11012 11014 11015 11016 11017 11018 11019 11021 11022 11023 11024 11025 11026 11027 11028 11029 11030 11031 11032 11033 11035 11038 11039 11042 11044 11045 11046 11049 11050 11052 11053 11055 11056 11058 11059 11061 11062 11063 11064 11065 11066 11067 11069 11070 11073 11075 11077 11078 11081 11082 11085 11086 11087 11090 11091 11092 11093 11096 11097 11098 11102 11104 11106 11108 11109 11111 11114 11116 11117 11118 11121 11123 11124 11125 11126 11128 11129 11132 11133 11134 11137 11141 11142 11144 11145 11146 11150 11151 11153 11157 11158 11160 11161 11162 11165 11166 11167 11169 11170 11171 11174 11178 11179 11180 11183 11184 11185 11188 11189 11190 11192 11193 11196 11197 11198 11200 11201 11202 11205 11207 11209 11210 11211 11213 11214 11221 11222 11226 11229 11230 11232 11234 11235 11238 11242 11245 11247 11251 11252 11256 11264 11265 11266 11267 11268 11272 
	}
	weather={
	    period={
			between={ 0.0 30.0 }
			temperature={ 12.0 30.0 }
			no_phenomenon=0.500
			rain_light=0.250
			rain_heavy=0.100
			snow=0.000
			blizzard=0.000
			arctic_water=0.000
			mud=1.000
			sandstorm=0.000
			min_snow_level=0.000
		}
		period={
			between={ 0.1 27.1 }
			temperature={ 12.0 30.0 }
			no_phenomenon=0.500
			rain_light=0.250
			rain_heavy=0.100
			snow=0.000
			blizzard=0.000
			arctic_water=0.000
			mud=1.000
			sandstorm=0.000
			min_snow_level=0.000
		}
		period={
			between={ 0.2 30.2 }
			temperature={ 12.0 30.0 }
			no_phenomenon=0.500
			rain_light=0.250
			rain_heavy=0.100
			snow=0.000
			blizzard=0.000
			arctic_water=0.000
			mud=1.000
			sandstorm=0.000
			min_snow_level=0.000
		}
		period={
			between={ 0.3 29.3 }
			temperature={ 12.0 30.0 }
			no_phenomenon=0.500
			rain_light=0.250
			rain_heavy=0.100
			snow=0.000
			blizzard=0.000
			arctic_water=0.000
			mud=1.000
			sandstorm=0.000
			min_snow_level=0.000
		}
		period={
			between={ 0.4 30.4 }
			temperature={ 12.0 30.0 }
			no_phenomenon=0.500
			rain_light=0.250
			rain_heavy=0.100
			snow=0.000
			blizzard=0.000
			arctic_water=0.000
			mud=1.000
			sandstorm=0.000
			min_snow_level=0.000
		}
		period={
			between={ 0.5 29.5 }
			temperature={ 12.0 30.0 }
			no_phenomenon=0.500
			rain_light=0.250
			rain_heavy=0.100
			snow=0.000
			blizzard=0.000
			arctic_water=0.000
			mud=1.000
			sandstorm=0.000
			min_snow_level=0.000
		}
		period={
			between={ 0.6 30.6 }
			temperature={ 12.0 30.0 }
			no_phenomenon=0.500
			rain_light=0.250
			rain_heavy=0.100
			snow=0.000
			blizzard=0.000
			arctic_water=0.000
			mud=1.000
			sandstorm=0.000
			min_snow_level=0.000
		}
		period={
			between={ 0.7 30.7 }
			temperature={ 12.0 30.0 }
			no_phenomenon=0.500
			rain_light=0.250
			rain_heavy=0.100
			snow=0.000
			blizzard=0.000
			arctic_water=0.000
			mud=1.000
			sandstorm=0.000
			min_snow_level=0.000
		}
		period={
			between={ 0.8 29.8 }
			temperature={ 12.0 30.0 }
			no_phenomenon=0.500
			rain_light=0.250
			rain_heavy=0.100
			snow=0.000
			blizzard=0.000
			arctic_water=0.000
			mud=1.000
			sandstorm=0.000
			min_snow_level=0.000
		}
		period={
			between={ 0.9 30.9 }
			temperature={ 12.0 30.0 }
			no_phenomenon=0.500
			rain_light=0.250
			rain_heavy=0.100
			snow=0.000
			blizzard=0.000
			arctic_water=0.000
			mud=1.000
			sandstorm=0.000
			min_snow_level=0.000
		}
		period={
			between={ 0.10 29.10 }
			temperature={ 12.0 30.0 }
			no_phenomenon=0.500
			rain_light=0.250
			rain_heavy=0.100
			snow=0.000
			blizzard=0.000
			arctic_water=0.000
			mud=1.000
			sandstorm=0.000
			min_snow_level=0.000
		}
		period={
			between={ 0.11 30.11 }
			temperature={ 12.0 30.0 }
			no_phenomenon=0.500
			rain_light=0.250
			rain_heavy=0.100
			snow=0.000
			blizzard=0.000
			arctic_water=0.000
			mud=1.000
			sandstorm=0.000
			min_snow_level=0.000
		}
	}
}
