strategic_region={
	id=21
	name="STRATEGICREGION_21"
	provinces={
		6 15 28 44 100 166 199 217 227 233 262 401 420 428 520 554 560 570 602 680 693 742 781 794 917 941 1028 1047 1100 1125 1205 1264 1306 1307 1333 1335 1358 1359 1392 1404 1411 1441 1485 1492 1571 1586 1652 1673 1702 1740 1762 1777 1796 1844 1851 1921 1940 1977 2004 2028 2032 2063 2153 2228 2260 2276 2289 2323 2417 2445 2453 2456 2459 2475 2483 2518 2555 2561 2584 2611 2620 2681 2709 2710 2738 2749 2755 2795 2838 2869 2875 2896 2918 2988 3006 3105 3107 3129 3146 3148 3151 3180 3204 3245 3282 3442 3473 3480 3495 3519 3553 3623 3639 3671 3688 3695 3711 3713 3744 3885 3932 3950 4019 4119 4126 4225 4365 4383 4544 4545 4591 4669 4677 4704 4746 4774 4795 4841 4842 4863 4875 4880 4936 4949 4953 4996 5005 5045 5049 5104 5151 5186 5187 5188 5192 5207 5213 5265 5268 5270 5325 5345 5347 5358 5362 5396 5399 5406 5425 5483 5487 5495 5512 5519 5553 5566 5591 5660 5709 5713 5785 5796 5801 5838 5849 5868 5873 5883 5885 5938 5948 5954 5955 6009 6065 6130 6168 6175 6194 6198 6245 6253 6269 6345 6397 6418 6424 6432 6449 6455 6510 6513 6555 6579 6591 6631 6644 6666 6693 6710 6720 6824 6827 6839 6862 6868 6938 6977 7022 7122 7175 7203 7214 7240 7247 7248 7284 7297 7303 7350 7362 7409 7430 7466 7488 7525 7529 7546 7568 7571 7598 7618 7620 7634 7664 7671 7692 7700 7808 7814 7819 7834 7855 7864 7868 7882 7885 7950 7961 7972 7985 8015 8050 8075 8102 8115 8140 8168 8169 8178 8208 8223 8226 8245 8256 8345 8379 8393 8426 8494 8543 8561 8570 8578 8623 8662 8683 8699 8723 8737 8768 8785 8787 8824 8840 8902 8920 8930 8932 8948 8950 8960 8998 9072 9099 9108 9162 9163 9207 9227 9262 9276 9289 9309 9328 9438 9462 11113 11127 11148 11154 11155 11164 11168 11172 11177 11182 11186 11187 11191 11194 11204 11208 11215 11217 11218 11219 11223 11227 11236 11248 11250 11253 11254 11260 11261 11269 11274 11277 11279 11280 11281 11282 11286 11288 11291 11292 11293 11294 11298 11300 11303 11304 11306 11308 11309 11312 11313 11315 11316 11318 11321 11322 11323 11331 11332 11333 11334 11335 11336 11337 11338 11341 11342 11343 11346 11349 11350 11352 11354 11356 11359 11361 11362 11364 11365 11367 11368 11371 11373 11374 11377 11380 11382 11383 11386 11387 11389 11390 11392 11396 11397 11398 11399 11402 11403 11405 11406 11407 11408 11409 11412 11413 11414 11415 11416 11417 11418 11420 11421 11423 11425 11426 11427 11428 11430 11431 11432 11433 11435 11437 11440 11441 11443 11446 11448 11449 11450 11451 11452 11454 11455 11457 11458 11461 11462 11464 11465 11470 11474 11475 11476 11481 11484 11486 11489 11490 11491 11492 11493 11494 11498 11501 11505 11507 11511 11512 11517 11519 11521 11524 11525 11532 11536 11537 11544 17361 
	}
	weather={
	    period={
			between={ 0.0 30.0 }
			temperature={ 12.0 30.0 }
			no_phenomenon=0.500
			rain_light=0.250
			rain_heavy=0.100
			snow=0.000
			blizzard=0.000
			arctic_water=0.000
			mud=1.000
			sandstorm=0.000
			min_snow_level=0.000
		}
		period={
			between={ 0.1 27.1 }
			temperature={ 12.0 30.0 }
			no_phenomenon=0.500
			rain_light=0.250
			rain_heavy=0.100
			snow=0.000
			blizzard=0.000
			arctic_water=0.000
			mud=1.000
			sandstorm=0.000
			min_snow_level=0.000
		}
		period={
			between={ 0.2 30.2 }
			temperature={ 12.0 30.0 }
			no_phenomenon=0.500
			rain_light=0.250
			rain_heavy=0.100
			snow=0.000
			blizzard=0.000
			arctic_water=0.000
			mud=1.000
			sandstorm=0.000
			min_snow_level=0.000
		}
		period={
			between={ 0.3 29.3 }
			temperature={ 12.0 30.0 }
			no_phenomenon=0.500
			rain_light=0.250
			rain_heavy=0.100
			snow=0.000
			blizzard=0.000
			arctic_water=0.000
			mud=1.000
			sandstorm=0.000
			min_snow_level=0.000
		}
		period={
			between={ 0.4 30.4 }
			temperature={ 12.0 30.0 }
			no_phenomenon=0.500
			rain_light=0.250
			rain_heavy=0.100
			snow=0.000
			blizzard=0.000
			arctic_water=0.000
			mud=1.000
			sandstorm=0.000
			min_snow_level=0.000
		}
		period={
			between={ 0.5 29.5 }
			temperature={ 12.0 30.0 }
			no_phenomenon=0.500
			rain_light=0.250
			rain_heavy=0.100
			snow=0.000
			blizzard=0.000
			arctic_water=0.000
			mud=1.000
			sandstorm=0.000
			min_snow_level=0.000
		}
		period={
			between={ 0.6 30.6 }
			temperature={ 12.0 30.0 }
			no_phenomenon=0.500
			rain_light=0.250
			rain_heavy=0.100
			snow=0.000
			blizzard=0.000
			arctic_water=0.000
			mud=1.000
			sandstorm=0.000
			min_snow_level=0.000
		}
		period={
			between={ 0.7 30.7 }
			temperature={ 12.0 30.0 }
			no_phenomenon=0.500
			rain_light=0.250
			rain_heavy=0.100
			snow=0.000
			blizzard=0.000
			arctic_water=0.000
			mud=1.000
			sandstorm=0.000
			min_snow_level=0.000
		}
		period={
			between={ 0.8 29.8 }
			temperature={ 12.0 30.0 }
			no_phenomenon=0.500
			rain_light=0.250
			rain_heavy=0.100
			snow=0.000
			blizzard=0.000
			arctic_water=0.000
			mud=1.000
			sandstorm=0.000
			min_snow_level=0.000
		}
		period={
			between={ 0.9 30.9 }
			temperature={ 12.0 30.0 }
			no_phenomenon=0.500
			rain_light=0.250
			rain_heavy=0.100
			snow=0.000
			blizzard=0.000
			arctic_water=0.000
			mud=1.000
			sandstorm=0.000
			min_snow_level=0.000
		}
		period={
			between={ 0.10 29.10 }
			temperature={ 12.0 30.0 }
			no_phenomenon=0.500
			rain_light=0.250
			rain_heavy=0.100
			snow=0.000
			blizzard=0.000
			arctic_water=0.000
			mud=1.000
			sandstorm=0.000
			min_snow_level=0.000
		}
		period={
			between={ 0.11 30.11 }
			temperature={ 12.0 30.0 }
			no_phenomenon=0.500
			rain_light=0.250
			rain_heavy=0.100
			snow=0.000
			blizzard=0.000
			arctic_water=0.000
			mud=1.000
			sandstorm=0.000
			min_snow_level=0.000
		}
	}
}
