strategic_region={
	id=26
	name="STRATEGICREGION_26"
	provinces={
		8 26 42 50 65 80 86 90 97 124 137 174 176 178 205 222 241 261 278 286 287 331 348 354 358 364 386 387 394 395 402 411 426 436 457 461 515 527 529 534 542 548 555 601 611 625 635 655 720 724 737 743 762 772 790 798 802 823 837 840 849 853 871 898 902 904 923 931 938 951 961 964 1011 1014 1015 1025 1127 1175 1199 1207 1219 1226 1237 1241 1261 1265 1273 1281 1303 1319 1322 1327 1338 1381 1405 1406 1462 1513 1529 1546 1558 1561 1597 1601 1623 1686 1687 1744 1749 1758 1759 1767 1768 1771 1791 1813 1829 1859 1869 1874 1880 1884 1912 1917 1931 1941 1944 1955 1960 1962 1972 2002 2007 2024 2029 2056 2060 2064 2070 2092 2126 2149 2176 2189 2201 2214 2265 2272 2378 2403 2416 2435 2450 2452 2488 2510 2546 2576 2580 2597 2603 2616 2656 2671 2689 2701 2707 2712 2726 2776 2817 2832 2842 2883 2888 2905 2935 2975 3013 3016 3026 3041 3058 3072 3073 3084 3089 3098 3106 3112 3113 3133 3162 3190 3283 3290 3298 3306 3340 3355 3376 3424 3436 3461 3483 3503 3515 3522 3524 3530 3556 3603 3614 3631 3643 3665 3675 3788 3822 3830 3841 3843 3860 3867 3882 3887 3894 3911 3931 4006 4015 4058 4060 4070 4154 4317 4362 4369 4417 4444 4478 4485 4487 4501 4502 4665 4691 4698 4724 4803 4885 4900 4932 4937 4952 5036 5055 5069 5079 5087 5128 5170 5208 5304 5311 5314 5370 5410 5441 5446 5517 5525 5548 5558 5589 5599 5608 5666 5742 5826 5872 5878 5905 5909 5927 5936 5965 5979 6002 6006 6008 6012 6100 6101 6138 6145 6154 6160 6222 6233 6250 6280 6319 6340 6351 6372 6435 6472 6503 6559 6566 6572 6582 6714 6743 6758 6783 6867 6874 6875 6932 6982 7014 7019 7075 7094 7131 7143 7146 7147 7148 7179 7189 7211 7289 7338 7348 7370 7403 7423 7440 7467 7534 7565 7681 7704 7714 7750 7756 7776 7796 7807 7818 7824 7893 7901 7973 8012 8040 8107 8118 8172 8179 8236 8279 8380 8436 8567 8580 8595 8639 8686 8702 8739 8816 8819 8849 9003 9014 9029 9037 9114 9132 9140 9153 9199 9214 9230 9235 9265 9478 9496 9507 12705 12783 12941 12995 13028 13043 13054 13065 13078 13096 13126 13136 13149 13155 13170 13183 13186 13195 13220 13221 13240 13254 13271 13275 13293 13299 13310 13328 13335 13341 13351 13354 13364 13366 13367 13373 13378 13389 13399 13403 13404 13416 13419 13421 13426 13445 13447 13449 13452 13453 13454 13455 13456 13465 13468 13469 13474 13475 13479 13486 13499 13501 13516 13519 13523 13524 13534 13542 13543 13549 13551 13552 13557 13558 13562 13564 13567 13579 13582 13586 13590 13592 13597 13612 13618 13620 13621 13626 13630 13632 13633 13637 17282 17291 17348 17355 
	}
	weather={
	    period={
			between={ 0.0 30.0 }
			temperature={ 12.0 30.0 }
			no_phenomenon=0.500
			rain_light=0.250
			rain_heavy=0.100
			snow=0.000
			blizzard=0.000
			arctic_water=0.000
			mud=1.000
			sandstorm=0.000
			min_snow_level=0.000
		}
		period={
			between={ 0.1 27.1 }
			temperature={ 12.0 30.0 }
			no_phenomenon=0.500
			rain_light=0.250
			rain_heavy=0.100
			snow=0.000
			blizzard=0.000
			arctic_water=0.000
			mud=1.000
			sandstorm=0.000
			min_snow_level=0.000
		}
		period={
			between={ 0.2 30.2 }
			temperature={ 12.0 30.0 }
			no_phenomenon=0.500
			rain_light=0.250
			rain_heavy=0.100
			snow=0.000
			blizzard=0.000
			arctic_water=0.000
			mud=1.000
			sandstorm=0.000
			min_snow_level=0.000
		}
		period={
			between={ 0.3 29.3 }
			temperature={ 12.0 30.0 }
			no_phenomenon=0.500
			rain_light=0.250
			rain_heavy=0.100
			snow=0.000
			blizzard=0.000
			arctic_water=0.000
			mud=1.000
			sandstorm=0.000
			min_snow_level=0.000
		}
		period={
			between={ 0.4 30.4 }
			temperature={ 12.0 30.0 }
			no_phenomenon=0.500
			rain_light=0.250
			rain_heavy=0.100
			snow=0.000
			blizzard=0.000
			arctic_water=0.000
			mud=1.000
			sandstorm=0.000
			min_snow_level=0.000
		}
		period={
			between={ 0.5 29.5 }
			temperature={ 12.0 30.0 }
			no_phenomenon=0.500
			rain_light=0.250
			rain_heavy=0.100
			snow=0.000
			blizzard=0.000
			arctic_water=0.000
			mud=1.000
			sandstorm=0.000
			min_snow_level=0.000
		}
		period={
			between={ 0.6 30.6 }
			temperature={ 12.0 30.0 }
			no_phenomenon=0.500
			rain_light=0.250
			rain_heavy=0.100
			snow=0.000
			blizzard=0.000
			arctic_water=0.000
			mud=1.000
			sandstorm=0.000
			min_snow_level=0.000
		}
		period={
			between={ 0.7 30.7 }
			temperature={ 12.0 30.0 }
			no_phenomenon=0.500
			rain_light=0.250
			rain_heavy=0.100
			snow=0.000
			blizzard=0.000
			arctic_water=0.000
			mud=1.000
			sandstorm=0.000
			min_snow_level=0.000
		}
		period={
			between={ 0.8 29.8 }
			temperature={ 12.0 30.0 }
			no_phenomenon=0.500
			rain_light=0.250
			rain_heavy=0.100
			snow=0.000
			blizzard=0.000
			arctic_water=0.000
			mud=1.000
			sandstorm=0.000
			min_snow_level=0.000
		}
		period={
			between={ 0.9 30.9 }
			temperature={ 12.0 30.0 }
			no_phenomenon=0.500
			rain_light=0.250
			rain_heavy=0.100
			snow=0.000
			blizzard=0.000
			arctic_water=0.000
			mud=1.000
			sandstorm=0.000
			min_snow_level=0.000
		}
		period={
			between={ 0.10 29.10 }
			temperature={ 12.0 30.0 }
			no_phenomenon=0.500
			rain_light=0.250
			rain_heavy=0.100
			snow=0.000
			blizzard=0.000
			arctic_water=0.000
			mud=1.000
			sandstorm=0.000
			min_snow_level=0.000
		}
		period={
			between={ 0.11 30.11 }
			temperature={ 12.0 30.0 }
			no_phenomenon=0.500
			rain_light=0.250
			rain_heavy=0.100
			snow=0.000
			blizzard=0.000
			arctic_water=0.000
			mud=1.000
			sandstorm=0.000
			min_snow_level=0.000
		}
	}
}
