strategic_region={
	id=27
	name="STRATEGICREGION_27"
	provinces={
		38 39 46 76 112 265 284 318 382 433 463 535 563 585 598 603 645 740 800 808 815 863 1020 1134 1220 1238 1278 1437 1472 1482 1524 1553 1587 1641 1712 1725 1729 1778 1779 1781 1836 1904 1984 2043 2076 2078 2085 2112 2152 2170 2183 2208 2234 2244 2291 2391 2442 2444 2462 2516 2519 2548 2562 2581 2638 2717 2728 2750 2770 2771 2784 2785 2828 2835 2892 2900 2913 2930 2942 2965 2977 3029 3081 3117 3118 3141 3227 3309 3317 3337 3351 3457 3464 3492 3513 3546 3570 3579 3642 3650 3659 3693 3697 3779 3798 3805 3877 3904 3947 3951 3966 3999 4026 4083 4106 4107 4116 4136 4139 4157 4250 4269 4272 4315 4321 4342 4380 4421 4434 4472 4514 4541 4551 4584 4592 4654 4810 4815 4832 4878 4894 4907 4994 4999 5014 5072 5077 5101 5119 5123 5154 5167 5179 5210 5239 5267 5328 5340 5371 5388 5391 5403 5457 5467 5501 5510 5539 5656 5714 5718 5723 5734 5760 5763 5772 5795 5797 5814 5833 5854 5859 5865 5871 5899 5904 5907 5913 5944 5994 6053 6056 6074 6095 6104 6125 6128 6150 6151 6166 6197 6204 6226 6267 6278 6308 6310 6409 6415 6516 6541 6547 6550 6614 6616 6655 6667 6691 6725 6733 6759 6787 6829 6876 6878 6885 6899 6922 6923 6924 6964 6974 6991 7001 7028 7029 7037 7041 7043 7047 7055 7061 7090 7098 7100 7121 7125 7142 7145 7168 7204 7227 7230 7271 7275 7294 7325 7339 7353 7369 7372 7455 7504 7505 7511 7523 7536 7560 7564 7586 7647 7649 7657 7706 7713 7732 7762 7781 7789 7821 7830 7865 7866 7929 7954 7958 7959 7986 8002 8061 8062 8068 8097 8114 8119 8129 8143 8155 8161 8181 8231 8232 8248 8250 8252 8253 8278 8343 8375 8386 8392 8415 8441 8465 8467 8484 8520 8536 8556 8558 8575 8588 8591 8597 8609 8611 8640 8647 8654 8658 8659 8666 8671 8672 8710 8735 8747 8757 8780 8781 8844 8847 8874 8886 8928 8936 8959 8985 8987 8994 9009 9010 9011 9042 9045 9051 9081 9104 9106 9124 9142 9176 9200 9211 9232 9245 9246 9267 9269 9275 9304 9313 9324 9334 9345 9358 9362 9364 9369 9382 9395 9404 9416 9427 9429 9460 9463 9473 9477 9495 9516 9529 11973 12007 12014 12028 12052 12074 12086 12087 12098 12103 12104 12117 12129 12134 12137 12143 12147 12148 12163 12171 12184 12185 12188 12193 12196 12201 12204 12205 12206 12209 12210 12214 12217 12219 12226 12228 12230 12235 12240 12253 12254 12257 12261 12263 12268 12270 12273 12281 12282 12289 12294 12295 12297 12300 12314 12316 12318 12321 12322 12328 12330 12334 12335 12342 12347 12348 12353 12356 12358 12360 12363 12364 12371 12372 12380 12382 12385 12386 12387 12390 12392 12396 12400 12406 12409 12410 12411 12417 12418 12423 12427 12428 12429 12433 12440 12446 12448 12449 12452 12456 12457 12458 12463 12465 12469 12470 12478 12480 12481 12482 12483 12486 12489 12502 12503 12506 12508 12510 12517 12519 12523 12524 12528 12536 12537 12545 12558 12563 12565 12570 12571 12572 12573 12583 12584 12586 12587 12588 12592 12599 12602 12603 12604 12605 12608 12612 12617 12618 12619 12629 12635 12636 12640 12642 12648 12656 12657 12661 12662 12664 12665 12666 12667 12668 12674 12678 12683 12687 12702 12704 12706 12707 12711 12712 12719 12729 12730 12733 12734 12737 12738 12739 12740 12741 12749 12757 12758 12762 12768 12771 12772 12776 12777 12778 12782 12793 12797 12802 12803 12804 12809 12814 12823 12827 12829 12836 12838 12849 12853 12855 12860 12873 12876 12880 12884 12886 12887 12896 12904 12910 12911 12914 12921 12926 12934 12935 12945 12949 12953 12954 12956 12957 12963 12964 12982 12983 12984 12986 13013 13019 13027 13051 13069 13071 13075 13076 13084 13092 13100 13129 13130 13135 13139 13146 13154 13157 13160 13161 13185 13201 13260 
	}
	weather={
	    period={
			between={ 0.0 30.0 }
			temperature={ 12.0 30.0 }
			no_phenomenon=0.500
			rain_light=0.250
			rain_heavy=0.100
			snow=0.000
			blizzard=0.000
			arctic_water=0.000
			mud=1.000
			sandstorm=0.000
			min_snow_level=0.000
		}
		period={
			between={ 0.1 27.1 }
			temperature={ 12.0 30.0 }
			no_phenomenon=0.500
			rain_light=0.250
			rain_heavy=0.100
			snow=0.000
			blizzard=0.000
			arctic_water=0.000
			mud=1.000
			sandstorm=0.000
			min_snow_level=0.000
		}
		period={
			between={ 0.2 30.2 }
			temperature={ 12.0 30.0 }
			no_phenomenon=0.500
			rain_light=0.250
			rain_heavy=0.100
			snow=0.000
			blizzard=0.000
			arctic_water=0.000
			mud=1.000
			sandstorm=0.000
			min_snow_level=0.000
		}
		period={
			between={ 0.3 29.3 }
			temperature={ 12.0 30.0 }
			no_phenomenon=0.500
			rain_light=0.250
			rain_heavy=0.100
			snow=0.000
			blizzard=0.000
			arctic_water=0.000
			mud=1.000
			sandstorm=0.000
			min_snow_level=0.000
		}
		period={
			between={ 0.4 30.4 }
			temperature={ 12.0 30.0 }
			no_phenomenon=0.500
			rain_light=0.250
			rain_heavy=0.100
			snow=0.000
			blizzard=0.000
			arctic_water=0.000
			mud=1.000
			sandstorm=0.000
			min_snow_level=0.000
		}
		period={
			between={ 0.5 29.5 }
			temperature={ 12.0 30.0 }
			no_phenomenon=0.500
			rain_light=0.250
			rain_heavy=0.100
			snow=0.000
			blizzard=0.000
			arctic_water=0.000
			mud=1.000
			sandstorm=0.000
			min_snow_level=0.000
		}
		period={
			between={ 0.6 30.6 }
			temperature={ 12.0 30.0 }
			no_phenomenon=0.500
			rain_light=0.250
			rain_heavy=0.100
			snow=0.000
			blizzard=0.000
			arctic_water=0.000
			mud=1.000
			sandstorm=0.000
			min_snow_level=0.000
		}
		period={
			between={ 0.7 30.7 }
			temperature={ 12.0 30.0 }
			no_phenomenon=0.500
			rain_light=0.250
			rain_heavy=0.100
			snow=0.000
			blizzard=0.000
			arctic_water=0.000
			mud=1.000
			sandstorm=0.000
			min_snow_level=0.000
		}
		period={
			between={ 0.8 29.8 }
			temperature={ 12.0 30.0 }
			no_phenomenon=0.500
			rain_light=0.250
			rain_heavy=0.100
			snow=0.000
			blizzard=0.000
			arctic_water=0.000
			mud=1.000
			sandstorm=0.000
			min_snow_level=0.000
		}
		period={
			between={ 0.9 30.9 }
			temperature={ 12.0 30.0 }
			no_phenomenon=0.500
			rain_light=0.250
			rain_heavy=0.100
			snow=0.000
			blizzard=0.000
			arctic_water=0.000
			mud=1.000
			sandstorm=0.000
			min_snow_level=0.000
		}
		period={
			between={ 0.10 29.10 }
			temperature={ 12.0 30.0 }
			no_phenomenon=0.500
			rain_light=0.250
			rain_heavy=0.100
			snow=0.000
			blizzard=0.000
			arctic_water=0.000
			mud=1.000
			sandstorm=0.000
			min_snow_level=0.000
		}
		period={
			between={ 0.11 30.11 }
			temperature={ 12.0 30.0 }
			no_phenomenon=0.500
			rain_light=0.250
			rain_heavy=0.100
			snow=0.000
			blizzard=0.000
			arctic_water=0.000
			mud=1.000
			sandstorm=0.000
			min_snow_level=0.000
		}
	}
}
