strategic_region={
	id=3
	name="STRATEGICREGION_3"
	provinces={
		34 51 57 82 85 96 101 121 125 127 129 135 136 140 141 143 164 172 188 194 198 200 212 221 230 231 236 244 253 256 268 311 312 327 330 336 338 341 353 356 369 389 390 414 421 435 439 450 451 452 454 478 482 487 495 502 511 518 561 562 578 591 628 648 650 661 662 682 717 741 744 749 793 809 827 878 891 905 910 911 932 934 1021 1036 1042 1052 1055 1061 1071 1093 1097 1107 1119 1124 1128 1135 1209 1211 1246 1247 1252 1259 1266 1268 1286 1293 1299 1308 1323 1329 1349 1350 1355 1365 1367 1386 1409 1416 1418 1422 1436 1443 1457 1460 1511 1512 1516 1525 1526 1538 1550 1588 1594 1603 1605 1618 1621 1627 1628 1630 1631 1644 1648 1651 1656 1661 1688 1727 1745 1754 1782 1786 1814 1820 1862 1908 1929 1943 1950 1983 1985 1986 1995 1998 2000 2006 2013 2018 2022 2038 2046 2058 2065 2093 2095 2110 2125 2159 2185 2191 2211 2220 2247 2281 2286 2290 2299 2322 2327 2332 2344 2349 2379 2404 2410 2411 2415 2425 2434 2448 2480 2491 2493 2497 2505 2539 2566 2587 2604 2617 2629 2632 2637 2648 2655 2679 2688 2695 2699 2700 2720 2740 2772 2783 2812 2837 2870 2877 2899 2910 2915 2919 2955 2962 2969 2973 2987 2991 3012 3019 3028 3057 3077 3126 3144 3149 3184 3206 3208 3212 3219 3240 3242 3273 3274 3293 3303 3307 3326 3333 3338 3354 3365 3392 3400 3402 3454 3459 3469 3476 3505 3518 3580 3637 3664 3709 3736 3739 3765 3766 3823 3827 3834 3842 3851 3865 3909 3930 3949 3983 3993 4011 4050 4072 4091 4128 4153 4188 4245 4295 4296 4299 4305 4331 4333 4338 4352 4403 4439 4443 4493 4497 4525 4531 4532 4535 4553 4556 4570 4573 4583 4586 4628 4637 4640 4660 4662 4682 4687 4738 4747 4768 4770 4783 4789 4819 4828 4838 4865 4866 4883 4903 4911 4955 4964 4978 4991 5010 5015 5018 5050 5095 5098 5113 5114 5117 5118 5144 5185 5227 5290 5302 5306 5367 5390 5392 5407 5419 5427 5474 5537 5542 5554 5578 5630 5643 5646 5681 5693 5717 5747 5788 5802 5808 5812 5815 5816 5824 5841 5853 5932 5934 5951 6001 6022 6024 6029 6046 6054 6072 6086 6087 6129 6157 6179 6188 6206 6209 6212 6213 6215 6277 6305 6343 6349 6365 6374 6385 6406 6423 6456 6459 6486 6498 6539 6542 6574 6607 6617 6656 6657 6679 6701 6704 6750 6806 6815 6821 6825 6832 6847 6858 6869 6895 6909 6917 6978 6985 6998 7034 7062 7065 7072 7093 7174 7188 7217 7238 7255 7258 7323 7330 7332 7364 7393 7477 7500 7542 7583 7661 7743 7772 7780 7820 7863 7871 7877 7883 7910 7943 7952 7966 8000 8008 8044 8052 8096 8170 8194 8206 8246 8265 8391 8435 8457 8524 8544 8571 8616 8629 8656 8704 8715 8729 8793 8823 8839 8869 8877 8906 8970 9002 9007 9026 9069 9134 9152 9168 9240 9244 9312 9319 9321 9351 9390 9411 9440 9447 9453 9485 9519 9523 9524 9527 9597 9603 9610 9625 9657 9705 9709 9743 9754 9771 9778 9784 9794 9808 9820 9832 9844 9855 9897 9957 9988 10004 10011 10013 10014 10030 10032 10034 10069 10080 10081 10082 10085 10090 10106 10117 10132 10139 10155 10157 10174 10196 10201 10230 10249 10252 10255 10257 10266 10286 10308 10336 10349 10351 10363 10371 10394 10407 10418 10428 10489 10491 10501 10517 10544 10572 10577 10579 10595 10602 10607 10623 10629 10649 10671 10674 10677 10682 10687 10698 10721 10723 10757 10777 10785 10811 10818 10864 10890 10916 10929 10944 10954 10971 10975 11006 11068 11112 11181 11195 11220 11329 11469 11573 11764 11885 11887 11955 12015 12024 12071 12125 12231 12232 12307 12339 12367 12476 12830 12874 12933 13640 15230 16488 16870 17283 17286 17287 17289 17290 17293 17294 17297 17298 17300 17301 17302 17303 17304 17305 17306 17309 17310 17311 17314 17315 17316 17318 17319 17320 17321 17323 17324 17325 17326 17327 17328 17332 17333 17337 17338 17343 17345 17346 17349 17350 17351 17373 17374 17376 17377 17378
	}
	weather={
	    period={
			between={ 0.0 30.0 }
			temperature={ 12.0 30.0 }
			no_phenomenon=0.500
			rain_light=0.250
			rain_heavy=0.100
			snow=0.000
			blizzard=0.000
			arctic_water=0.000
			mud=1.000
			sandstorm=0.000
			min_snow_level=0.000
		}
		period={
			between={ 0.1 27.1 }
			temperature={ 12.0 30.0 }
			no_phenomenon=0.500
			rain_light=0.250
			rain_heavy=0.100
			snow=0.000
			blizzard=0.000
			arctic_water=0.000
			mud=1.000
			sandstorm=0.000
			min_snow_level=0.000
		}
		period={
			between={ 0.2 30.2 }
			temperature={ 12.0 30.0 }
			no_phenomenon=0.500
			rain_light=0.250
			rain_heavy=0.100
			snow=0.000
			blizzard=0.000
			arctic_water=0.000
			mud=1.000
			sandstorm=0.000
			min_snow_level=0.000
		}
		period={
			between={ 0.3 29.3 }
			temperature={ 12.0 30.0 }
			no_phenomenon=0.500
			rain_light=0.250
			rain_heavy=0.100
			snow=0.000
			blizzard=0.000
			arctic_water=0.000
			mud=1.000
			sandstorm=0.000
			min_snow_level=0.000
		}
		period={
			between={ 0.4 30.4 }
			temperature={ 12.0 30.0 }
			no_phenomenon=0.500
			rain_light=0.250
			rain_heavy=0.100
			snow=0.000
			blizzard=0.000
			arctic_water=0.000
			mud=1.000
			sandstorm=0.000
			min_snow_level=0.000
		}
		period={
			between={ 0.5 29.5 }
			temperature={ 12.0 30.0 }
			no_phenomenon=0.500
			rain_light=0.250
			rain_heavy=0.100
			snow=0.000
			blizzard=0.000
			arctic_water=0.000
			mud=1.000
			sandstorm=0.000
			min_snow_level=0.000
		}
		period={
			between={ 0.6 30.6 }
			temperature={ 12.0 30.0 }
			no_phenomenon=0.500
			rain_light=0.250
			rain_heavy=0.100
			snow=0.000
			blizzard=0.000
			arctic_water=0.000
			mud=1.000
			sandstorm=0.000
			min_snow_level=0.000
		}
		period={
			between={ 0.7 30.7 }
			temperature={ 12.0 30.0 }
			no_phenomenon=0.500
			rain_light=0.250
			rain_heavy=0.100
			snow=0.000
			blizzard=0.000
			arctic_water=0.000
			mud=1.000
			sandstorm=0.000
			min_snow_level=0.000
		}
		period={
			between={ 0.8 29.8 }
			temperature={ 12.0 30.0 }
			no_phenomenon=0.500
			rain_light=0.250
			rain_heavy=0.100
			snow=0.000
			blizzard=0.000
			arctic_water=0.000
			mud=1.000
			sandstorm=0.000
			min_snow_level=0.000
		}
		period={
			between={ 0.9 30.9 }
			temperature={ 12.0 30.0 }
			no_phenomenon=0.500
			rain_light=0.250
			rain_heavy=0.100
			snow=0.000
			blizzard=0.000
			arctic_water=0.000
			mud=1.000
			sandstorm=0.000
			min_snow_level=0.000
		}
		period={
			between={ 0.10 29.10 }
			temperature={ 12.0 30.0 }
			no_phenomenon=0.500
			rain_light=0.250
			rain_heavy=0.100
			snow=0.000
			blizzard=0.000
			arctic_water=0.000
			mud=1.000
			sandstorm=0.000
			min_snow_level=0.000
		}
		period={
			between={ 0.11 30.11 }
			temperature={ 12.0 30.0 }
			no_phenomenon=0.500
			rain_light=0.250
			rain_heavy=0.100
			snow=0.000
			blizzard=0.000
			arctic_water=0.000
			mud=1.000
			sandstorm=0.000
			min_snow_level=0.000
		}
	}
}
