strategic_region={
	id=34
	name="STRATEGICREGION_34"
	provinces={
		37 41 55 67 71 106 201 208 252 272 296 528 543 612 699 784 807 810 838 856 897 903 906 908 918 1004 1105 1123 1165 1173 1192 1200 1206 1212 1320 1341 1352 1387 1450 1464 1468 1515 1527 1536 1653 1693 1698 1714 1724 1730 1772 1788 1957 2040 2077 2139 2164 2167 2278 2348 2353 2393 2465 2499 2602 2621 2692 2743 2748 2794 2796 2818 2823 2947 2954 2992 3039 3043 3045 3049 3050 3076 3122 3203 3314 3318 3346 3357 3389 3422 3466 3470 3547 3568 3611 3630 3634 3681 3703 3847 3855 3927 3938 3944 3956 3967 4012 4022 4030 4041 4042 4049 4087 4145 4152 4170 4171 4172 4202 4206 4270 4367 4394 4425 4456 4552 4581 4593 4635 4653 4664 4695 4718 4743 4776 4786 4796 4798 4825 4843 4909 4918 4929 4962 4965 4969 5019 5038 5044 5066 5099 5125 5132 5142 5159 5163 5176 5194 5196 5202 5203 5205 5240 5247 5252 5307 5309 5352 5389 5398 5439 5481 5498 5534 5540 5544 5620 5631 5633 5635 5654 5697 5708 5761 5771 5780 5804 5811 5851 5908 6015 6016 6026 6069 6140 6146 6156 6163 6200 6236 6257 6262 6270 6287 6312 6381 6413 6462 6470 6479 6481 6523 6554 6586 6588 6652 6665 6676 6687 6717 6753 6766 6775 6777 6817 6833 6842 6859 6931 6979 7005 7007 7025 7038 7049 7105 7144 7149 7191 7199 7207 7234 7261 7269 7311 7358 7387 7441 7469 7509 7516 7554 7557 7595 7600 7601 7628 7652 7678 7720 7721 7748 7771 7802 7837 7841 7880 7903 7931 7939 7967 7994 8005 8031 8103 8121 8126 8127 8151 8173 8191 8205 8251 8262 8276 8284 8285 8302 8328 8335 8354 8406 8412 8418 8428 8431 8432 8443 8449 8459 8474 8477 8489 8490 8505 8620 8625 8677 8703 8728 8826 8859 8922 8941 8963 9006 9036 9049 9057 9127 9130 9147 9197 9228 9255 9264 9278 9280 9335 9342 9370 9396 9398 9446 9459 9482 9528 9542 12149 12164 12202 12215 12236 12241 12284 12296 12304 12311 12312 12332 12338 12345 12349 12359 12366 12373 12378 12381 12393 12394 12397 12401 12402 12403 12404 12420 12424 12430 12431 12434 12435 12436 12437 12459 12461 12466 12467 12471 12472 12479 12484 12496 12497 12504 12512 12529 12534 12535 12541 12543 12544 12546 12560 12561 12562 12569 12585 12590 12591 12593 12594 12595 12611 12613 12615 12620 12630 12634 12649 12650 12651 12652 12654 12669 12673 12675 12680 12688 12691 12699 12703 12716 12717 12722 12731 12742 12746 12747 12761 12765 12792 12794 12795 12798 12805 12806 12811 12815 12826 12833 12841 12852 12868 12877 12881 12890 12891 12899 12906 12922 12925 12950 12960 12972 12975 12976 12987 12991 12997 13001 13004 13009 13015 13016 13020 13023 13024 13035 13036 13055 13059 13063 13070 13086 13087 13093 13098 13104 13105 13106 13108 13110 13111 13127 13137 13151 13158 13164 13173 13194 13202 13210 13230 13237 13241 13250 13255 13257 13258 13261 13262 13267 13280 13282 13295 13300 13301 13304 13313 13315 13316 13318 13321 13325 13338 13343 13358 13362 13363 13365 13371 13386 13394 13408 13411 13418 13420 13424 13428 13438 13446 13448 
	}
	weather={
	    period={
			between={ 0.0 30.0 }
			temperature={ 12.0 30.0 }
			no_phenomenon=0.500
			rain_light=0.250
			rain_heavy=0.100
			snow=0.000
			blizzard=0.000
			arctic_water=0.000
			mud=1.000
			sandstorm=0.000
			min_snow_level=0.000
		}
		period={
			between={ 0.1 27.1 }
			temperature={ 12.0 30.0 }
			no_phenomenon=0.500
			rain_light=0.250
			rain_heavy=0.100
			snow=0.000
			blizzard=0.000
			arctic_water=0.000
			mud=1.000
			sandstorm=0.000
			min_snow_level=0.000
		}
		period={
			between={ 0.2 30.2 }
			temperature={ 12.0 30.0 }
			no_phenomenon=0.500
			rain_light=0.250
			rain_heavy=0.100
			snow=0.000
			blizzard=0.000
			arctic_water=0.000
			mud=1.000
			sandstorm=0.000
			min_snow_level=0.000
		}
		period={
			between={ 0.3 29.3 }
			temperature={ 12.0 30.0 }
			no_phenomenon=0.500
			rain_light=0.250
			rain_heavy=0.100
			snow=0.000
			blizzard=0.000
			arctic_water=0.000
			mud=1.000
			sandstorm=0.000
			min_snow_level=0.000
		}
		period={
			between={ 0.4 30.4 }
			temperature={ 12.0 30.0 }
			no_phenomenon=0.500
			rain_light=0.250
			rain_heavy=0.100
			snow=0.000
			blizzard=0.000
			arctic_water=0.000
			mud=1.000
			sandstorm=0.000
			min_snow_level=0.000
		}
		period={
			between={ 0.5 29.5 }
			temperature={ 12.0 30.0 }
			no_phenomenon=0.500
			rain_light=0.250
			rain_heavy=0.100
			snow=0.000
			blizzard=0.000
			arctic_water=0.000
			mud=1.000
			sandstorm=0.000
			min_snow_level=0.000
		}
		period={
			between={ 0.6 30.6 }
			temperature={ 12.0 30.0 }
			no_phenomenon=0.500
			rain_light=0.250
			rain_heavy=0.100
			snow=0.000
			blizzard=0.000
			arctic_water=0.000
			mud=1.000
			sandstorm=0.000
			min_snow_level=0.000
		}
		period={
			between={ 0.7 30.7 }
			temperature={ 12.0 30.0 }
			no_phenomenon=0.500
			rain_light=0.250
			rain_heavy=0.100
			snow=0.000
			blizzard=0.000
			arctic_water=0.000
			mud=1.000
			sandstorm=0.000
			min_snow_level=0.000
		}
		period={
			between={ 0.8 29.8 }
			temperature={ 12.0 30.0 }
			no_phenomenon=0.500
			rain_light=0.250
			rain_heavy=0.100
			snow=0.000
			blizzard=0.000
			arctic_water=0.000
			mud=1.000
			sandstorm=0.000
			min_snow_level=0.000
		}
		period={
			between={ 0.9 30.9 }
			temperature={ 12.0 30.0 }
			no_phenomenon=0.500
			rain_light=0.250
			rain_heavy=0.100
			snow=0.000
			blizzard=0.000
			arctic_water=0.000
			mud=1.000
			sandstorm=0.000
			min_snow_level=0.000
		}
		period={
			between={ 0.10 29.10 }
			temperature={ 12.0 30.0 }
			no_phenomenon=0.500
			rain_light=0.250
			rain_heavy=0.100
			snow=0.000
			blizzard=0.000
			arctic_water=0.000
			mud=1.000
			sandstorm=0.000
			min_snow_level=0.000
		}
		period={
			between={ 0.11 30.11 }
			temperature={ 12.0 30.0 }
			no_phenomenon=0.500
			rain_light=0.250
			rain_heavy=0.100
			snow=0.000
			blizzard=0.000
			arctic_water=0.000
			mud=1.000
			sandstorm=0.000
			min_snow_level=0.000
		}
	}
}
