state={
	id=9
	name="STATE_10"
	provinces={
		142 150 156 235 251 324 424 425 480 497 644 673 695 846 907 924 991 1053 1058 1066 1113 1186 1274 1331 1376 1384 1435 1459 1567 1568 1580 1634 1691 1701 1965 2145 2154 2223 2231 2233 2245 2342 2380 2397 2428 2443 2494 2530 2669 2711 2778 2921 2981 3104 3155 3165 3257 3258 3262 3289 3294 3335 3348 3621 3654 3746 3876 3920 3921 4130 4214 4239 4399 4477 4629 4632 4733 4744 4756 4888 4904 4930 5002 5249 5324 5418 5478 5488 5575 5613 5618 5640 5651 5754 5805 5810 5945 5990 6005 6034 6040 6042 6081 6108 6178 6301 6353 6382 6388 6436 6517 6558 6599 6630 6737 6845 6930 7130 7219 7411 7556 7622 7630 7697 7765 7801 7804 7840 8105 8185 8195 8200 8317 8384 8397 8455 8542 8661 8912 8981 9017 9038 9075 9149 9158 9302 9497 9540 10067 10092 10110 10121 10128 10130 10138 10142 10151 10153 10166 10170 10180 10190 10192 10209 10211 10217 10223 10228 10231 10235 10245 10248 10250 10259 10260 10284 10300 10315 10415 10429 10446 10481 10518 10528 10533 10549 10552 10656 17358 
	}
	history={
	owner = RAS
	add_core_of = RAS
	victory_points = { 10151 35 }
	victory_points = { 10217 5 }
	victory_points = { 10315 15 }
	victory_points = { 991 1 }
		buildings = {
			infrastructure = 3
			industrial_complex = 2
			arms_factory = 1
			air_base = 2
		}	
	}
	manpower=469865
	buildings_max_level_factor=1.000
	state_category=city
	local_supplies=0.000
}
