state={
	id=98
	name="STATE_101"
	provinces={
		211 360 366 438 706 975 989 995 1395 1552 1654 1658 1682 1689 1706 1719 1794 1811 1848 2206 2469 2473 2693 2756 2764 2829 2924 2946 3201 3202 3308 3343 3397 3446 3478 3721 3777 3794 3852 3964 3976 4048 4303 4384 4612 4872 4905 5080 5140 5164 5177 5385 5400 5511 5587 5625 5642 5704 5874 5935 5991 6309 6322 6421 6425 6500 6575 6598 6608 6645 6712 6739 6793 6819 6915 6994 7012 7020 7128 7180 7243 7317 7374 7397 7424 7437 7638 7703 7723 7755 7811 7941 8020 8055 8057 8124 8171 8198 8230 8290 8310 8383 8481 8482 8619 8651 8693 8700 8709 8776 8825 8850 8910 8913 9078 9089 9101 9215 9237 9282 9300 9329 9341 12653 12685 12727 12728 12763 12780 12817 12822 12828 12846 12851 12856 12859 12866 12870 12879 12883 12888 12897 12898 12902 12903 12912 12913 12918 12919 12924 12928 12929 12932 12939 12942 12943 12947 12951 12962 12965 12966 12969 12978 12979 12980 12989 12990 12996 13000 13011 13012 13014 13017 13018 13022 13026 13038 13039 13044 13047 13053 13056 13057 13060 13066 13067 13072 13074 13079 13090 13099 13101 13107 13113 13114 13115 13116 13124 13125 13128 13132 13133 13140 13141 13150 13167 13176 13180 13181 13191 13193 13196 13200 13204 13213 13214 13227 13231 13236 13238 13239 13246 13252 13256 13266 13284 13317 13638 
	}
	history={
	owner = AZR
	add_core_of = AZR
	Victory_points = { 8482 25 }
	}
	buildings_max_level_factor=1.000
        manpower=458910
        state_category = town
		local_supplies=0.9
}
