state={
	id=99
	name="STATE_102"
	provinces={
		178 222 241 287 331 348 354 364 426 515 548 737 762 772 840 898 904 938 951 964 1011 1014 1127 1219 1226 1241 1265 1273 1327 1406 1529 1687 1813 1829 1884 1917 2265 2272 2378 2416 2510 2580 2656 2689 2707 2776 2975 3016 3026 3089 3113 3162 3306 3461 3483 3530 3556 3603 3614 3643 3830 3841 3867 3887 3911 4006 4058 4317 4362 4478 4485 4487 4501 4665 4698 4900 4932 5087 5208 5410 5525 5548 5589 5826 6222 6280 6319 6372 6559 6582 6714 6867 6932 6982 7148 7211 7289 7534 7750 8172 8179 8580 8686 8702 8849 9003 9014 9153 9214 9235 12705 12995 13043 13065 13078 13149 13170 13186 13195 13271 13299 13328 13341 13366 13389 13399 13447 13562 13582 
	}
	history={
	owner = PER
	add_core_of = PER
	}
	manpower=1
	buildings_max_level_factor=1.000
	state_category=town
	local_supplies=0.000
}
