state={
	id=100
	name="STATE_103"
	provinces={
		50 65 80 97 137 278 358 387 411 457 527 529 625 655 802 853 902 923 1025 1381 1561 1597 1623 1686 1874 1912 1941 2029 2126 2546 2701 2712 2832 2888 2935 3013 3041 3058 3084 3098 3290 3436 3503 3524 3631 3665 3675 3843 3894 4015 4369 4691 4952 5069 5079 5314 5370 5517 5599 5742 5909 5927 5936 5979 6002 6012 6138 6160 6233 6435 6503 6566 7131 7146 7147 7179 7565 7776 8012 8118 8279 8739 8819 9029 9265 9478 9496 12783 12941 13028 13054 13096 13126 13155 13220 13221 13240 13293 13367 13403 13421 13449 13452 13469 13474 13475 13479 13524 13543 13557 13618 13620 
	}
	history={
	owner = PER
	add_core_of = PER
	}
	manpower=1
	buildings_max_level_factor=1.000
	state_category=town
	local_supplies=0.000
}
