state={
	id=102
	name="STATE_105"
	provinces={
		88 146 180 434 486 550 614 696 866 920 1007 1032 1351 1815 1896 2199 2225 2266 2331 2333 2340 2477 2582 2588 2641 2672 2775 2936 3082 3248 3412 3445 3536 3592 3620 3662 3708 3732 3908 3941 3962 4073 4167 4169 4513 4522 4791 4934 4940 4944 5435 5739 5793 5818 5835 5910 6010 6064 6183 6228 6332 6441 6450 6461 6707 7087 7295 7363 7930 7971 7977 8117 8312 8398 8451 8553 8730 8934 9019 9061 9221 9337 9439 12844 12865 12900 12938 12944 12961 12973 12992 13029 13031 13032 13041 13061 13073 13077 13119 13131 13145 13174 13177 13187 13190 13205 13212 13219 13226 13232 13235 13288 13309 13330 13333 13339 13356 17312 
	}
	history={
	owner = TUR
	add_core_of = TUR
	}
	manpower=1
	buildings_max_level_factor=1.000
	state_category=town
	local_supplies=0.000
}
