state={
	id=103
	name="STATE_106"
	provinces={
		11 92 159 306 404 586 608 757 912 1065 1141 1172 1198 1296 1537 1564 1595 1637 1660 2138 2267 2355 2358 2385 2438 2538 2676 2682 2741 2751 2780 2917 3030 3175 3327 3367 3797 4033 4222 4235 4288 4291 4322 4422 4601 4852 4896 4941 4963 4982 5039 5126 5171 5223 5521 5564 5581 5649 5665 5694 5748 5774 5831 6096 6256 6440 6831 6849 6857 6993 7291 7685 7717 7891 8036 8405 8472 8519 8810 8835 9001 9347 9353 9442 12955 13003 13088 13117 13166 13175 13189 13208 13243 13263 13265 13269 13273 13281 13285 13292 13298 13305 13306 13307 13342 13361 13380 13401 13425 
	}
	history={
	owner = TUR
	add_core_of = TUR
	}
	buildings_max_level_factor=1.000
        manpower=1
        state_category = town
}
