state={
	id=104
	name="STATE_107"
	provinces={
		201 252 810 856 897 1004 1105 1173 1192 1200 1464 1724 1730 2353 2602 2621 2743 2823 2954 3039 3043 3049 3076 3122 3203 3314 3346 3357 3568 3634 3847 3927 3938 3956 4041 4049 4087 4152 4172 4206 4270 4425 4552 4635 4798 4825 4965 5019 5038 5044 5125 5142 5196 5398 5498 5631 5780 5811 6156 6312 6753 6766 6979 7049 7149 7234 7269 7311 7509 7554 7595 7678 7721 7802 7931 8126 8173 8191 8302 8335 8406 8412 8428 8432 8449 8489 8505 8703 8859 8941 8963 9006 9036 9057 9127 9130 9147 9264 9335 9396 9446 9459 9528 9542 13009 13015 13055 13086 13093 13104 13106 13108 13110 13111 13127 13137 13151 13158 13164 13173 13194 13202 13210 13230 13237 13241 13250 13255 13257 13258 13261 13262 13267 13280 13282 13295 13300 13301 13304 13313 13315 13316 13318 13321 13325 13338 13343 13358 13362 13363 13365 13371 13386 13394 13408 13411 13418 13420 13424 13428 13438 13446 13448 
	}
	history={
	owner = AZR
	add_core_of = AZR
	}
	buildings_max_level_factor=1.000
        manpower=953600
        state_category = town
}
