state={
	id=105
	name="STATE_108"
	provinces={
		9 99 115 133 152 197 264 266 303 342 355 381 397 456 458 501 503 517 522 632 675 677 692 712 755 811 1039 1087 1088 1104 1129 1191 1195 1197 1260 1388 1391 1477 1486 1509 1522 1642 1709 1716 1718 1763 1809 1849 1868 2011 2037 2109 2205 2222 2371 2388 2541 2558 2565 2585 2660 2691 2727 2758 2791 2843 2857 2863 2864 2916 3025 3038 3154 3159 3196 3200 3205 3244 3279 3323 3360 3375 3381 3390 3428 3549 3615 3679 3692 3743 3803 3824 3862 4038 4099 4193 4220 4224 4284 4308 4323 4360 4376 4498 4530 4566 4597 4618 4648 4700 4716 4739 4794 4927 5021 5064 5156 5329 5492 5549 5565 5573 5576 5775 5799 5839 5879 5894 5939 5976 6097 6121 6141 6367 6387 6434 6467 6489 6531 6537 6545 6734 6776 6870 6887 6929 7035 7114 7181 7206 7278 7318 7382 7528 7538 7569 7613 7719 7724 7738 7764 7835 7848 7887 7963 8007 8016 8203 8229 8286 8331 8366 8371 8450 8507 8546 8555 8589 8800 8812 8897 8904 8921 8942 9092 9179 9236 9271 9294 9415 9421 9430 12985 13058 13062 13085 13120 13143 13159 13168 13203 13211 13225 13233 13244 13245 13248 13249 13259 13270 13312 13320 13324 13327 13337 13360 13368 13370 13372 13374 13385 13388 13402 13413 13414 13415 13422 13434 13440 13472 13484 13493 13496 13497 13498 13510 13522 13527 13529 13545 13548 13555 13565 13566 13569 13572 13581 13585 13594 13599 13601 13608 13609 13610 13611 13617 13631 13635 13636 
	}
	history={
	owner = TUR
	add_core_of = TUR
	}
	manpower=1
	buildings_max_level_factor=1.000
	state_category=town
	local_supplies=0.000
}
