state={
	id=106
	name="STATE_109"
	provinces={
		8 174 395 402 542 555 837 849 931 1175 1199 1207 1261 1319 1462 1558 1744 1758 1791 1931 1972 2007 2060 2064 2070 2450 2452 2488 2597 2603 2905 3106 3112 3190 3376 3424 3515 4502 4724 4937 5441 5666 5905 5965 6006 6101 6154 6340 6743 7019 7075 7094 7143 7189 7403 7467 7756 8380 8595 9132 9230 13136 13183 13254 13275 13354 13426 13455 13465 13519 13523 13551 13567 13630 13633 13637 
	}
	history={
	owner = PER
	add_core_of = PER
	}
	manpower=1
	buildings_max_level_factor=1.000
	state_category=town
	local_supplies=0.000
}
