state={
	id=11
	name="STATE_11"
	provinces={
		128 147 169 189 339 351 376 378 510 596 785 841 925 1018 1204 1215 1344 1357 1491 1497 1737 1743 1925 2019 2106 2181 2319 2389 2455 2470 2501 2533 2569 2570 2610 2782 2836 2845 2854 2873 3014 3344 3633 3667 3760 3809 3817 3937 4207 4311 4320 4343 4396 4459 4554 4604 4639 4713 4760 4876 4913 5184 5351 5480 5506 5569 5570 5753 5926 5929 6075 6106 6195 6264 6371 6414 6439 6663 6671 6797 6805 6897 6947 6953 7169 7306 7384 7405 7414 7770 7825 7909 8042 8182 8213 8233 8263 8277 8287 8577 8690 8705 8848 8892 8978 8993 9161 9180 9188 9239 9249 9291 9296 9308 9339 9403 9445 9465 10271 10277 10280 10282 10291 10295 10297 10304 10305 10309 10321 10323 10325 10326 10327 10337 10338 10340 10344 10345 10347 10355 10358 10361 10368 10373 10377 10378 10382 10386 10387 10388 10401 10404 10405 10406 10410 10414 10417 10426 10427 10434 10448 10449 10453 10461 10466 10470 10472 10473 10475 10483 10487 10488 10509 10522 10527 17364 17365 17369 
	}
	history={
		victory_points = { 10304 1 }
		victory_points = { 128 1 }
		victory_points = { 2854 1 }
		owner = CHE
		add_core_of = CHE
		buildings = {
			infrastructure = 3
			industrial_complex = 2
		}
	}
	manpower=243604
	buildings_max_level_factor=1.000
	state_category=town
	local_supplies=0.000
}
