state={
	id=10
	name="STATE_11"
	provinces={
		184 202 232 314 537 569 590 703 752 771 780 828 836 881 889 896 914 939 954 987 1016 1073 1144 1178 1272 1291 1360 1606 1650 1666 1707 1753 1785 1799 1863 1894 2059 2104 2113 2229 2366 2369 2392 2457 2458 2512 2525 2532 2537 2724 2754 2762 2903 3157 3195 3199 3259 3276 3288 3374 3460 3475 3486 3552 3565 3656 3701 3715 3899 3907 3917 3981 4001 4024 4040 4066 4088 4134 4205 4226 4271 4280 4382 4402 4481 4510 4520 4523 4623 4638 4690 4735 4763 4772 4861 4899 4947 4950 5089 5150 5201 5232 5241 5264 5298 5301 5378 5383 5445 5465 5515 5516 5551 5556 5626 5644 5722 5740 5765 5829 5843 5989 6158 6218 6239 6249 6263 6292 6323 6380 6428 6475 6530 6564 6592 6602 6746 6779 6822 6861 6912 6937 6943 6968 6970 7059 7106 7110 7170 7292 7343 7375 7491 7493 7514 7602 7625 7669 7689 7790 7827 7829 7913 7915 7976 8013 8066 8069 8214 8237 8243 8264 8351 8372 8420 8442 8495 8525 8538 8593 8626 8691 8725 8843 8931 8943 8955 8961 9013 9030 9088 9123 9159 9297 9310 9344 9367 9372 9373 9493 9501 10275 10285 10307 10314 10316 10319 10324 10334 10335 10341 10342 10343 10346 10348 10350 10356 10357 10359 10367 10372 10376 10380 10381 10383 10384 10393 10396 10398 10399 10400 10402 10403 10409 10412 10413 10416 10420 10421 10425 10431 10435 10438 10443 10444 10447 10455 10456 10459 10463 10464 10465 10468 10469 10476 10479 10480 10485 10492 10498 10499 10508 10513 10515 10521 10524 10529 10534 10539 10543 10545 10546 10553 10558 10559 10563 10565 10568 10575 10587 10588 10589 10591 10600 10614 10615 10616 10619 10622 10632 10635 10642 10647 10650 10651 10657 10658 10659 10699 10731 
	}
	history={
	    owner = RAS
	    add_core_of = RAS
		victory_points = { 7493 35 }
		buildings = {
			infrastructure = 2
			industrial_complex = 2
			arms_factory = 1
		}
	}
	buildings_max_level_factor=1.000
    manpower = 911494
    state_category = town
}
