state={
	id=107
	name="STATE_110"
	provinces={
		58 218 285 442 475 505 630 735 826 842 913 944 1022 1034 1118 1136 1230 1305 1408 1445 1455 1518 1575 1741 1901 2020 2135 2224 2341 2363 2486 2506 2543 2685 2698 2928 2957 3096 3172 3224 3238 3370 3384 3437 3627 3644 3673 3684 3689 3718 3819 3825 3940 3977 4075 4261 4400 4517 4537 4561 4627 4948 5075 5197 5222 5269 5313 5584 5600 5615 5645 5692 5759 5895 6062 6110 6324 6370 6408 6556 6611 6823 6844 7078 7222 7361 7460 7486 7495 7510 8017 8192 8199 8257 8419 8485 8512 8535 8682 8788 8792 8893 9025 9156 9208 9363 9414 13178 13206 13276 13283 13296 13340 13344 13348 13353 13376 13384 13387 13391 13393 13395 13398 13400 13405 13423 13431 13432 13435 13437 13442 13459 13462 13480 13500 
	}
	history={
	owner = TUR
	add_core_of = TUR
	}
	buildings_max_level_factor=1.000
        manpower=1
        state_category = town
}
