state={
	id=108
	name="STATE_111"
	provinces={
		84 91 94 111 595 669 851 883 927 968 1092 1122 1126 1177 1309 1313 1332 1380 1415 1473 1547 1560 1620 1703 1726 1738 1832 1856 1864 1885 1909 1970 1975 2061 2212 2213 2305 2515 2534 2577 2624 2631 2636 2645 2949 3128 3132 3164 3170 3237 3254 3321 3401 3468 3471 3622 3685 3698 3702 3742 3757 3772 3833 3959 3973 3998 4021 4231 4255 4306 4344 4407 4423 4540 4769 4829 5041 5092 5145 5246 5293 5326 5402 5533 5675 5726 5727 5752 5784 5803 6068 6266 6317 6594 6794 6872 6896 6900 6936 7002 7193 7198 7307 7324 7454 7507 7550 7574 7643 7675 7728 7876 8023 8187 8238 8338 8344 8361 8429 8487 8547 8740 8862 8872 8891 9062 9073 9144 9389 9483 13247 13278 13279 13294 13314 13329 13332 13336 13350 13352 13375 13379 13406 13410 13430 13441 13457 13458 13460 13461 13473 13476 13477 13495 13502 13503 13506 13517 13531 13535 13538 13553 13556 13559 13577 13595 
	}
	history={
	owner = TUR
	add_core_of = TUR
	}
	buildings_max_level_factor=1.000
        manpower=1
        state_category = town
}
