state={
	id=109
	name="STATE_112"
	provinces={
		499 621 1072 1179 1635 1877 1937 1956 2074 2075 2215 2296 2309 2517 2524 2528 2547 2572 2801 2879 3067 3121 3215 3361 3517 3599 3629 3850 3873 3878 3957 4095 4212 4234 4264 4293 4393 4483 4567 4578 4793 5003 5020 5056 5354 5440 5617 5892 5925 6148 6299 6346 6506 6529 6584 6681 6837 7046 7301 7408 7515 7683 7788 7908 7964 8047 8111 8260 8348 8373 8478 8655 8751 8924 8977 9122 9336 9506 13308 13334 13347 13349 13359 13369 13382 13392 13397 13407 13417 13427 13429 13439 13444 13463 13464 13467 13470 13478 13485 13488 13489 13494 13507 13515 13521 13526 13537 13544 13550 13576 
	}
	history={
	owner = TUR
	add_core_of = TUR
	}
	manpower=1
	buildings_max_level_factor=1.000
	state_category=town
	local_supplies=0.000
}
