state={
	id=112
	name="STATE_115"
	provinces={
		35 78 243 246 455 476 479 605 634 636 638 843 1081 1221 1236 1270 1284 1304 1371 1375 1447 1531 1565 1625 1657 1711 1760 1850 1933 1949 2103 2200 2314 2345 2402 2482 2583 2586 2643 2647 2742 2990 3068 3075 3261 3280 3345 3366 3414 3523 3589 3694 3700 3831 3857 3869 3961 4061 4064 4111 4149 4183 4233 4328 4359 4466 4474 4476 4524 4562 4579 4588 4656 4678 4719 4806 5060 5211 5221 5318 5462 5574 5634 5682 5736 5867 5887 5975 6060 6107 6463 6548 6668 6788 6894 6972 6992 6999 7040 7224 7417 7457 7667 7709 7741 7845 7870 7912 7955 8128 8148 8210 8796 8827 8969 9040 9059 9066 9094 9151 9187 9234 9299 13433 13436 13450 13451 13471 13481 13483 13487 13490 13491 13492 13505 13508 13509 13512 13513 13514 13518 13525 13528 13532 13533 13539 13541 13547 13554 13561 13563 13568 13570 13574 13575 13578 13583 13596 13598 13604 13605 13606 13607 13613 13619 13628 13634 
	}
	history={
	owner = TUR
	add_core_of = TUR
	}
	buildings_max_level_factor=1.000
        manpower=1
        state_category = town
}
