state={
	id=119
	name="STATE_122"
	provinces={
		127 198 230 253 330 336 389 562 591 878 910 934 1036 1119 1246 1443 1460 1512 1628 1631 1661 1745 1820 1998 2191 2411 2425 2480 2493 2783 2870 2919 2969 3469 3476 3505 3765 3823 3851 4153 4338 4403 4525 4660 4662 4687 4770 4783 5185 5390 5646 5802 5841 6024 6188 6385 6498 6542 6815 6917 6998 7062 7188 7238 7542 7772 7877 7966 8000 8052 8206 8435 8877 9411 9603 9625 9709 9784 9855 9897 9988 10014 10032 10082 10090 10266 17290 17298 17300 17301 17309 17319 17327 17328 17338 17345 17349 
	}
	history={
	owner = KAZ
	add_core_of = KAZ
	}
	manpower=1
	buildings_max_level_factor=1.000
	state_category=town
	local_supplies=0.000
}
