state={
	id=13
	name="STATE_14"
	provinces={
		1 14 17 19 48 64 70 72 110 118 186 214 237 282 288 298 302 310 343 357 388 398 399 427 441 445 496 507 524 538 584 607 666 688 689 697 707 714 725 729 731 747 756 796 817 820 857 861 946 967 985 1006 1013 1026 1101 1150 1153 1156 1171 1194 1232 1248 1269 1279 1283 1354 1370 1419 1453 1490 1505 1528 1541 1542 1549 1559 1584 1592 1643 1670 1674 1677 1736 1798 1823 1837 1841 1870 1897 1899 1907 1981 1991 2027 2048 2073 2098 2174 2192 2195 2210 2243 2246 2268 2287 2318 2354 2373 2414 2426 2446 2464 2540 2571 2605 2623 2634 2644 2662 2664 2702 2722 2735 2761 2810 2831 2865 2874 2884 2909 2953 2967 2972 3070 3087 3088 3101 3147 3167 3173 3186 3222 3232 3270 3275 3277 3296 3341 3371 3379 3391 3394 3395 3427 3487 3493 3771 3786 3787 3828 3866 3868 3891 3939 3942 3990 4000 4014 4039 4054 4074 4080 4198 4228 4246 4249 4259 4300 4372 4451 4461 4468 4495 4527 4549 4589 4626 4689 4697 4750 4758 4797 4813 4818 4827 4833 4846 4855 4891 4892 4902 4939 4972 4993 5062 5110 5116 5224 5288 5394 5401 5420 5497 5571 5577 5661 5678 5696 5699 5732 5782 5783 5786 5787 5807 5950 5971 5977 5982 6018 6058 6077 6102 6136 6167 6171 6203 6235 6254 6265 6420 6520 6525 6538 6546 6549 6553 6618 6654 6660 6732 6742 6786 6840 6855 6910 6925 6954 6957 6988 6990 7003 7008 7067 7112 7119 7163 7192 7287 7345 7347 7368 7373 7392 7412 7496 7619 7645 7726 7733 7752 7766 7793 7799 7838 7842 7853 7856 7889 7905 7917 7935 7978 7980 8019 8025 8146 8150 8275 8280 8289 8304 8319 8368 8438 8508 8642 8687 8711 8783 8832 9035 9055 9067 9139 9146 9226 9238 9357 9366 9378 9384 9392 9394 9408 9502 10328 10329 10362 10374 10389 10397 10423 10432 10441 10451 10474 10510 10557 10571 10586 10590 10598 10606 10610 10697 10733 10829 10843 10857 10863 10868 10872 10877 10881 10911 10922 10937 10940 10943 10952 10958 10963 10986 10987 11020 11034 11036 11037 11072 11084 11089 11099 11101 11119 11120 11130 11138 11147 11156 11173 11199 11206 11225 11240 11241 11255 11284 11301 11328 11339 11340 11348 11358 11369 11379 11445 11456 17363 
	}

	resources = { 
		steel = 7
	}

	history={
		victory_points = { 2243 10 }
		victory_points = { 9055 15 }
		victory_points = { 10911 10 }
		victory_points = { 10606 15 }
		victory_points = { 6171 15 }
	    owner = RAS
	    add_core_of = RAS
		buildings = {
			infrastructure = 3
			industrial_complex = 1
		}
	}
	manpower=2576531
	buildings_max_level_factor=1.000
	state_category=large_city
	local_supplies=0.000
}
