state={
	id=14
	name="STATE_15"
	provinces={
		10 62 160 209 323 325 362 540 865 936 950 996 1057 1188 1189 1310 1342 1374 1704 1992 2132 2271 2298 2325 2360 2529 2609 2684 2686 2736 2970 3387 3561 3666 3691 3737 3783 3861 3924 3992 4084 4109 4181 4297 4389 4538 4728 4775 4864 4879 4901 4985 5000 5028 5173 5294 5315 5381 5531 5535 5686 5703 5790 5993 6190 6273 6284 6347 6393 6612 6713 6724 6780 7084 7194 7380 7453 7478 7530 7631 7677 7707 7734 7832 7947 8053 8132 8234 8330 8333 8334 8388 8552 8799 8903 8914 8937 8988 9097 9126 9166 9263 9279 9433 9441 9488 10354 10370 10390 10391 10392 10437 10439 10457 10460 10503 10526 10550 10566 10570 10580 10604 10617 10624 10625 10628 10634 10638 10645 10665 10669 10673 10678 10683 10696 10702 10705 10707 10713 10720 10727 10737 10748 10751 10762 10770 10772 10781 10784 10795 10797 10812 10825 10827 10861 10886 
	}
	resources = { 
		steel = 12
		oil = 2
	}
	history={
		victory_points = { 540 15 }
		victory_points = { 8914 20 }
	    owner = RAS
	    add_core_of = RAS
	    buildings = {
			infrastructure = 2
			industrial_complex = 2
			arms_factory = 1
		}
	}
	buildings_max_level_factor=1.000
    manpower = 348152
    state_category = town
}
