state={
	id=17
	name="STATE_18"
	provinces={
		98 238 610 1009 1764 1911 2430 2956 3216 3324 3686 3780 3987 4287 4433 4470 4559 4707 4881 4916 4995 5160 5195 5287 5342 5429 5475 5567 5572 5662 5695 5827 5869 6003 6059 6638 6683 6686 6828 6913 6956 7083 7108 7134 7213 7237 7482 7699 7836 8028 8135 8189 8321 8332 8347 8399 8461 8476 8596 9024 9479 10467 10486 10490 10504 10506 10519 10535 10536 10538 10554 10573 10578 10594 10608 10627 10636 10639 10664 10672 10686 10688 10693 10722 10732 10749 10758 10768 10801 10839 
	}
	history={
	    owner = CHE
		add_core_of = CHE
	    add_core_of = RAS
		victory_points = { 6828 15 }
		victory_points = { 8189 5 }
		buildings = {
			infrastructure = 3
			industrial_complex = 3
			arms_factory = 1
			air_base = 1
		}
	}
	buildings_max_level_factor=1.000
    manpower= 414524
    state_category = city
}
