state={
	id=2
	name="STATE_2"
	provinces={
		18 114 123 155 157 192 259 292 321 347 393 412 446 453 474 500 514 536 581 592 664 733 760 767 787 804 875 933 935 949 965 1019 1056 1137 1140 1147 1239 1361 1389 1393 1425 1446 1454 1456 1535 1543 1582 1602 1609 1678 1739 1761 1793 1795 1826 1852 1855 1858 1886 1989 2090 2111 2115 2146 2180 2283 2285 2317 2338 2346 2351 2421 2495 2560 2568 2626 2650 2665 2760 2774 2816 2821 2841 2861 2871 2994 3007 3051 3074 3092 3093 3229 3233 3325 3398 3484 3491 3562 3594 3600 3636 3712 3726 3735 3763 3919 3928 3948 3980 4200 4219 4283 4316 4334 4354 4397 4413 4432 4500 4558 4650 4715 4745 4759 4840 4851 4961 5043 5257 5261 5349 5374 5376 5380 5494 5503 5532 5605 5689 5980 5984 6050 6223 6333 6341 6399 6401 6416 6444 6496 6501 6570 6653 6705 6811 7000 7039 7107 7304 7316 7320 7394 7472 7605 7644 7684 7715 7751 7896 7907 8003 8081 8099 8149 8337 8413 8498 8526 8724 8734 8851 8907 9201 9206 9320 9356 9361 9377 9503 9566 9567 9589 9596 9618 9667 9669 9691 9718 9745 9774 9795 9813 9814 9871 9872 9873 9893 9903 9907 9971 9992 9993 10053 10070 10101 10102 10105 10123 10140 10193 10212 10236 10261 10263 10264 10292 10312 
	}

	resources = { 
		steel = 23
	}

	history = {
	    owner = RAS
	    add_core_of = RAS
	    victory_points = { 6399 30 }
	    victory_points = { 7605 20 }
	    buildings = {
			infrastructure = 3
			industrial_complex = 1
			arms_factory = 2
			air_base = 2
		}
	}
	buildings_max_level_factor=1.000
    manpower=1453796
    state_category = large_city
	local_supplies=0.000
}
