state={
	id=25
	name="STATE_26"
	provinces={
		597 887 940 1033 1757 1838 1939 2047 2105 2178 2514 2596 2716 2721 2860 2966 2998 3066 3197 3431 3727 3789 3791 4667 4688 4752 4820 5220 5244 5857 5997 6076 6251 6261 6335 6336 6637 6784 7263 7359 7402 7815 7957 7965 8048 8058 8166 8324 8403 8437 8539 8649 8760 8777 8900 8944 9023 9217 10692 10703 10711 10715 10750 10754 10765 10780 10782 10791 10793 10796 10807 10808 10809 10810 10813 10821 10822 10823 10824 10830 10831 10833 10836 10838 10840 10846 10847 10849 10850 10853 10854 10859 10860 10869 
	}
	history={
	owner = SAK
	add_core_of = ABK
	victory_points = { 8944 15 }
	victory_points = { 8437 10 }
		buildings = {
			infrastructure = 2
			industrial_complex = 1
			arms_factory = 1
		}
		start_resistance = yes
		set_resistance = 45
	}
	manpower=24868
	buildings_max_level_factor=1.000
	state_category=large_town
	local_supplies=0.000
}
