state={
	id=3
	name="STATE_3"
	provinces={
		60 75 153 175 191 223 240 269 276 280 290 322 329 332 466 488 492 493 574 593 642 643 676 722 734 753 775 795 862 870 919 962 990 1000 1005 1030 1048 1054 1060 1114 1120 1166 1181 1184 1229 1289 1339 1346 1379 1390 1401 1413 1493 1544 1578 1583 1612 1662 1695 1697 1746 1755 1800 1835 1846 1861 1905 1906 1930 1953 1990 2035 2137 2182 2194 2250 2288 2405 2449 2502 2521 2729 2826 2858 2941 2984 2996 3004 3090 3097 3137 3207 3225 3255 3315 3353 3417 3534 3559 3564 3588 3597 3705 3745 3813 3881 3889 3897 3898 3902 3972 3995 4081 4089 4237 4279 4301 4349 4363 4475 4799 4857 4884 4919 4922 5032 5071 5209 5231 5275 5348 5360 5364 5417 5450 5619 5641 5705 5776 6234 6241 6282 6313 6325 6403 6445 6468 6490 6508 6528 6532 6561 6573 6583 6619 6651 6773 6785 6889 7016 7030 7081 7101 7151 7156 7329 7385 7442 7847 7925 7928 7982 8009 8131 8138 8141 8224 8307 8402 8460 8698 8822 8828 8915 8965 9046 9076 9213 9250 9273 9323 9456 9521 9568 9569 9605 9611 9623 9626 9630 9632 9653 9692 9708 9716 9739 9753 9792 9804 9819 9828 9834 9861 9896 9913 9928 9948 9954 9959 9969 10028 10048 10057 10060 10068 10147 10210 10225 10229 10265 10281 10301 10313 10317 10422 
	}

	resources = { 
		steel = 13
	}

	history={
	    owner = RAS
	    add_core_of = RAS
	    buildings = {
			infrastructure = 2
			industrial_complex = 1
			arms_factory = 1
		}	
	}
	buildings_max_level_factor=1.000
    manpower=1453796
    state_category = city
	local_supplies=0.000
}
