state={
	id=30
	name="STATE_31"
	provinces={
		145 615 727 852 1077 1094 1233 1452 1506 1600 1667 1898 2049 2328 2396 2606 2730 2744 2819 2853 3010 3252 3297 3334 3448 3706 3722 3905 4043 4047 4142 4294 4341 4431 4467 4469 4489 4543 4701 4777 4779 4792 4925 4986 5081 5393 5529 5552 5609 5659 5724 5757 5767 5777 5893 5972 6032 6149 6174 6358 6368 6389 6402 6460 6678 6695 6764 6813 6933 6960 6971 7183 7280 7379 7389 7429 7434 7594 7662 7759 8021 8030 8041 8090 8186 8225 8301 8311 8336 8636 8667 8717 8809 8842 8876 9048 9082 9119 9125 9218 9284 9311 9355 9443 9471 9504 9505 9510 9539 10851 10858 10866 10867 10870 10874 10880 10888 10889 10902 10905 10907 10917 10918 10920 10924 10925 10926 10927 10928 10930 10935 10938 10939 10941 10946 10947 10949 10953 10957 10962 10964 10972 10976 10977 10980 10983 10991 10993 10994 10997 10999 11004 11007 11010 11011 11014 11017 11018 11019 11021 11023 11025 11026 11028 11029 11030 11038 11049 11050 11052 11053 11055 11058 11061 11063 11069 11077 11081 11082 11092 11093 11096 11098 11108 11111 11123 11124 11125 11126 11128 11132 11146 
	}
	resources={
		aluminium = 39
	}
	
	history={
	    owner = SAK
	    add_core_of = SAK
	    victory_points = { 7183 10 }
	    victory_points = { 6813 3 }
	    victory_points = { 11030 7 }
	    victory_points = { 3334 3 }
	    victory_points = { 7389 6 }
		buildings = {
			infrastructure = 4
			industrial_complex = 2
			arms_factory = 2
			dockyard = 1
			7183 = {
			    naval_base = 2
			}	
			6813 = {
			    naval_base = 1
			}
		}
	}
	buildings_max_level_factor=1.000
        manpower=557324
		buildings_max_level_factor=1.000
	    state_category=large_city
	    local_supplies=0.000
}
