state={
	id=32
	name="STATE_33"
	provinces={
		183 291 392 471 485 751 986 1017 1116 1148 1271 1328 1362 1451 1604 1818 1830 2045 2066 2096 2390 2394 2476 2797 2926 3291 3312 3507 3540 3912 3978 4166 4263 4463 4602 4729 4814 5017 5094 5338 5422 5632 5842 5847 5916 6165 6675 6843 6980 7178 7687 7859 7874 7902 8093 8100 8183 8218 8367 8404 8466 8550 8600 8653 8692 9004 9015 9307 9314 9380 10885 10894 10914 10933 10965 11000 11048 11054 11057 11060 11074 11079 11088 11105 11107 11110 11122 11136 11140 11143 11163 11176 11203 11216 11228 11231 11233 11244 11249 11257 11275 11287 11302 11311 11317 
	}
	history={
	owner = SAK
	add_core_of = SAK
	victory_points = { 11275 25 }
	victory_points = { 9380 15 }
	victory_points = { 751 10 }
	victory_points = { 485 10 }
		buildings = {
			infrastructure = 2
			industrial_complex = 2
			air_base = 4
		}
	}
	buildings_max_level_factor=1.000
        manpower=99460
        state_category = town
		local_supplies=0.000
}
