state={
	id=35
	name="STATE_36"
	provinces={
		430 464 559 616 631 651 683 792 797 839 844 1079 1161 1185 1254 1412 1504 1708 1732 1806 1866 1878 1945 1963 2023 2097 2121 2202 2216 2230 2447 2523 2589 2598 2600 2670 2715 2781 2822 2847 2920 3031 3037 3052 3103 3158 3160 3189 3249 3372 3423 3439 3477 3506 3680 3682 3821 3915 4092 4236 4268 4387 4464 4533 4622 4711 4723 4732 4956 5235 5361 5397 5477 5546 5700 5712 5768 5933 5947 5963 5968 6127 6133 6527 6563 6596 6604 6643 6658 6729 6810 6834 6853 7021 7048 7058 7115 7117 7166 7272 7288 7383 7479 7518 7562 7637 7639 7735 7737 7851 7886 8046 8108 8165 8240 8422 8444 8483 8492 8497 8622 8701 8791 8801 8841 8873 8901 8999 9047 9070 9093 9100 9131 9137 9169 9254 9331 9349 9374 10959 10966 10967 10968 10982 10984 10985 10988 10990 10992 10995 11001 11002 11003 11005 11008 11012 11015 11016 11022 11024 11027 11031 11032 11033 11035 11039 11042 11044 11045 11046 11056 11059 11062 11064 11065 11066 11067 11070 11073 11075 11078 11085 11086 11087 11090 11091 11097 11102 11104 11106 11109 11114 11116 11117 11118 11121 11129 11137 11141 11142 11145 11151 11153 11157 11158 11161 11162 11167 11169 11171 11174 11180 11198 11201 11202 11205 11207 11209 11214 11221 11230 11232 11238 11247 11256 11267 11272 
	}
	resources={
		steel=89
		tungsten=33
	}
	
	history={
	owner = SAK
	add_core_of = SAK
	victory_points = { 11102 7 }
	victory_points = { 9093 5 }
	victory_points = { 3372 3 }
	victory_points = { 8108 25 }
		buildings = {
			infrastructure = 4
			industrial_complex = 2
			arms_factory = 1
			air_base = 7
		}
	}
	buildings_max_level_factor=1.000
        manpower=766892
        state_category = metropolis
	    local_supplies=0.000
}
