state={
	id=38
	name="STATE_39"
	provinces={
		4 93 130 289 309 532 567 609 617 637 647 711 766 778 819 973 982 997 1027 1040 1086 1368 1396 1465 1556 1570 1590 1927 1946 1969 1993 2016 2151 2304 2350 2490 2550 2658 2666 2705 3008 3377 3404 3538 3543 3645 3653 3660 3856 4020 4037 4210 4457 4465 4659 4685 4821 4867 4938 4968 5111 5193 5430 5499 5530 5710 5725 5912 5915 5998 5999 6099 6143 6502 6507 6522 7074 7205 7215 7270 7337 7376 8133 8258 8341 8400 8407 8621 8855 8982 9090 9219 9257 9360 9393 9455 9457 11149 11212 11224 11237 11258 11270 11273 11289 11310 11324 11327 11351 11363 11381 11436 11444 11460 11466 11467 11495 11500 11520 11523 11529 
	}
	
	resources={
		oil=140
	}
	
	history={
	owner = SAK
	add_core_of = SAK
	victory_points = { 819 10 }
	victory_points = { 11289 25 }
	victory_points = { 5998 10 }
	victory_points = { 2350 20 }
	    buildings = {
			infrastructure = 3
			industrial_complex = 2
			arms_factory = 1
		}
	}
	manpower=441045
	buildings_max_level_factor=1.000
	state_category=large_city
	local_supplies=0.000
}
