state={
	id=40
	name="STATE_41"
	provinces={
		101 221 421 487 502 628 749 809 1266 1293 1688 1862 1908 1985 2046 2110 2281 2290 2404 2648 2837 2899 2987 3273 3293 3365 3402 3454 3709 3909 4295 4305 4532 4768 4819 5118 5306 5474 5542 5578 5747 5812 5824 6179 6456 6459 6806 6832 6895 6909 7258 7330 7943 7952 8008 8571 8629 8704 8839 9312 9440 11112 11181 11195 11220 11329 11469 11573 11764 11885 11887 11955 12015 12024 12071 12125 12231 12232 12307 12339 12367 12476 17283 17286 17287 17289 17293 17294 17302 17303 17304 17306 17310 17311 17315 17316 17318 17320 17321 17323 17324 17325 17326 17332 17333 17337 17343 17346 17350 17351 
	}
	history={
		owner = TKM
		add_core_of = TKM
	}
	manpower=342798
	buildings_max_level_factor=1.000
	state_category=town
	local_supplies=0.000
}
