state={
	id=42
	name="STATE_43"
	provinces={
		36 530 833 1117 1285 1639 2467 2531 2549 3287 3560 3567 3612 3910 3969 4186 4595 4605 4641 4725 4740 4800 4983 5353 5464 5918 6202 6348 6610 7044 7099 7160 7161 7246 7407 7566 7663 7670 7698 7787 7916 8083 8112 8296 8572 8688 8753 8885 8972 9086 9229 9467 11133 11134 11144 11150 11160 11165 11166 11170 11178 11179 11183 11184 11185 11188 11189 11190 11192 11193 11196 11197 11200 11210 11211 11213 11222 11226 11229 11234 11235 11242 11245 11251 11252 11264 11265 11266 11268 
	}
	history={
	owner = SAK
	add_core_of = SAK
	victory_points = { 5464 15 }
	victory_points = { 6348 15 }
	victory_points = { 7407 10 }
		buildings = {
			infrastructure = 3
			industrial_complex = 1
			arms_factory = 1
		}
	}
	buildings_max_level_factor=1.000
        manpower=158053
        state_category = city
	    local_supplies=0.000
}
