state={
	id=43
	name="STATE_44"
	provinces={
		6 166 227 233 262 401 428 602 680 742 781 794 917 941 1047 1125 1264 1307 1333 1358 1411 1586 1702 1740 1844 1977 2004 2028 2228 2260 2417 2453 2475 2555 2561 2681 2709 2795 2869 2875 3107 3148 3282 3480 3495 3639 3711 3932 4119 4225 4365 4544 4591 4842 4936 5045 5151 5186 5187 5268 5345 5406 5487 5591 5713 5849 5955 6065 6168 6198 6245 6269 6418 6424 6455 6510 6513 6579 6631 6644 6693 6824 6827 6839 6862 6938 6977 7022 7122 7240 7247 7284 7362 7409 7430 7466 7488 7598 7618 7671 7819 7868 7882 7885 7972 8115 8140 8168 8169 8178 8208 8226 8245 8393 8494 8543 8561 8623 8683 8787 8840 8902 8920 8948 8960 9072 9227 9262 9328 9438 9462 11253 11274 11281 11282 11291 11303 11304 11306 11308 11313 11315 11318 11323 11331 11332 11334 11337 11338 11349 11352 11359 11364 11367 11371 11374 11377 11380 11382 11397 11402 11406 11407 11418 11425 11427 11428 11430 11431 11432 11441 11443 11446 11450 11458 11461 11462 11474 11475 11486 11498 11501 11505 11511 11519 11524 11525 11536 11537 11544 17361 
	}
	resources={
		oil=10
		tungsten=37
	}
	
	history={
	owner = SAK
	add_core_of = SAK
	victory_points = { 5487 15 }
	victory_points = { 11377 10 }
	victory_points = { 6245 9 }
	victory_points = { 2875 10 }
	victory_points = { 11397 5 }
	victory_points = { 2028 10 }
	victory_points = { 11458 10 }
		buildings = {
			infrastructure = 2
			industrial_complex = 1
			arms_factory = 1
		}
	}
	manpower=235512
	buildings_max_level_factor=1.000
	state_category=town
	local_supplies=0.000
}
