state={
	id=44
	name="STATE_45"
	provinces={
		45 63 300 384 490 494 539 577 618 679 848 890 894 976 1069 1163 1169 1235 1407 1646 1824 1839 1935 2031 2130 2162 2297 2301 2307 2386 2612 2768 2787 2890 2897 2925 3033 3080 3152 3168 3272 3485 3497 3799 3840 3874 3943 4008 4056 4110 4129 4131 4278 4348 4708 4782 5124 5491 5745 5813 5953 6394 6597 6670 6728 7216 7299 7313 7333 7587 7672 7833 7944 8514 8759 8811 8837 9292 11344 11394 11442 11453 11468 11473 11508 11560 11577 11597 11712 11740 11780 11793 
	}
	history={
	owner = AZR
	add_core_of = AZR
	}
	buildings_max_level_factor=1.000
        manpower=630400
        state_category = town
}
