state={
	id=46
	name="STATE_47"
	provinces={
		15 28 100 199 420 520 560 570 693 1100 1392 1404 1485 1492 1652 1762 1796 1851 1921 1940 2032 2153 2276 2289 2323 2445 2456 2459 2483 2620 2710 2749 2755 2896 2918 3105 3129 3245 3442 3473 3519 3671 3688 3695 3713 3744 4019 4383 4669 4677 4746 4774 4841 4863 4949 4953 5005 5049 5104 5188 5192 5207 5213 5265 5270 5325 5362 5399 5512 5553 5566 5660 5785 5796 5883 5948 5954 6009 6175 6194 6253 6397 6432 6449 6555 6591 6710 6720 6868 7175 7203 7214 7248 7297 7303 7350 7529 7546 7568 7571 7692 7700 7808 7834 7855 7864 7950 7961 7985 8050 8102 8345 8379 8426 8570 8578 8662 8723 8737 8768 8785 8930 8932 8998 9099 9108 9162 9163 9207 9276 9289 11312 11321 11333 11335 11336 11341 11342 11343 11346 11350 11354 11356 11361 11362 11365 11368 11373 11383 11386 11387 11389 11390 11392 11396 11398 11399 11403 11405 11408 11409 11412 11413 11414 11415 11416 11417 11420 11421 11423 11426 11433 11435 11437 11440 11448 11449 11451 11452 11454 11455 11457 11464 11465 11470 11476 11481 11484 11489 11490 11491 11492 11493 11494 11507 11512 11517 11521 11532 
	}
	resources={
		steel=63
		Chromium=11
	}
	
	history={
	owner = SAK
	add_core_of = SAK
	victory_points = { 11408 25 }
	victory_points = { 1100 1 }
		buildings = {
			infrastructure = 3
			industrial_complex = 2
			arms_factory = 2
			air_base = 4
		}
	}
	buildings_max_level_factor=1.000
        manpower=476197
        state_category = large_city
		local_supplies=0.000
}
