state={
	id=47
	name="STATE_48"
	provinces={
		113 167 249 352 498 739 854 958 1099 1108 1321 1470 1566 1675 1683 1776 1790 2155 2429 2439 2451 2544 2556 2773 2907 2959 3002 3191 3226 3285 3347 3430 3532 3576 3617 3767 3774 3776 3849 4034 4123 4159 4304 4319 4491 4509 4834 5023 5153 5225 5295 5518 5762 5958 6061 6083 6297 6377 6526 6731 6883 6935 7120 7260 7609 7623 7862 8294 8363 8929 9193 9203 9210 9515 9522 11278 11400 11447 11479 11496 11509 11516 11533 11538 11543 11547 11557 11578 11605 11612 11622 11650 
	}
	
	history={
	owner = AZR
	add_core_of = AZR
	}
	
	manpower=558700
	buildings_max_level_factor=1.000
	state_category=town
	local_supplies=0.000
}
