state={
	id=5
	name="STATE_6"
	provinces={
		82 125 135 136 141 200 244 338 450 495 741 1042 1061 1071 1093 1107 1128 1252 1329 1422 1436 1457 1603 1627 1648 1814 2006 2125 2159 2211 2247 2286 2344 2349 2415 2491 2699 3077 3184 3208 3240 3274 3459 3580 3736 3827 3842 4188 4245 4331 4439 4493 4553 4637 4640 4866 4903 4955 4991 5010 5018 5227 5290 5427 5554 5932 6087 6212 6213 6215 6305 6607 6656 6701 6750 6821 6825 6858 7255 7364 7477 7780 7883 8044 8524 8616 8970 9447 9485 9519 9524 9527 9597 9610 9657 9705 9743 9754 9771 9778 9794 9808 9820 9832 9844 9957 10004 10030 10034 10117 
	}
	history={
	owner = KAZ
	add_core_of = KAZ
	}
	buildings_max_level_factor=1.000
        manpower=1
        state_category = town
}
