state={
	id=50
	name="STATE_53"
	provinces={
		34 51 57 85 96 121 129 143 164 172 188 194 212 231 236 256 268 311 312 327 341 353 356 369 390 414 435 439 451 452 454 478 482 511 518 561 578 648 650 661 662 682 717 744 793 827 891 905 911 932 1021 1052 1055 1097 1124 1135 1209 1211 1247 1259 1268 1286 1299 1308 1323 1349 1350 1355 1365 1367 1386 1409 1416 1418 1511 1516 1525 1526 1538 1550 1588 1594 1605 1618 1621 1630 1644 1651 1656 1727 1754 1782 1786 1929 1943 1950 1983 1986 1995 2000 2013 2018 2022 2038 2058 2065 2093 2095 2185 2220 2299 2322 2327 2332 2379 2410 2434 2448 2497 2505 2539 2566 2587 2604 2617 2629 2632 2637 2655 2679 2688 2695 2700 2720 2740 2772 2812 2877 2910 2915 2955 2962 2973 2991 3012 3019 3028 3057 3126 3144 3149 3206 3212 3242 3303 3307 3326 3333 3338 3354 3392 3400 3518 3637 3664 3739 3766 3834 3865 3930 3949 3983 3993 4011 4050 4072 4091 4128 4296 4299 4333 4352 4443 4497 4531 4535 4556 4570 4573 4583 4586 4628 4682 4738 4747 4789 4828 4838 4865 4883 4911 4964 4978 5015 5050 5095 5098 5113 5114 5117 5144 5302 5367 5392 5407 5419 5537 5630 5643 5681 5693 5717 5788 5808 5815 5816 5853 5934 5951 6001 6022 6029 6046 6054 6086 6129 6157 6206 6209 6277 6343 6349 6365 6374 6406 6423 6486 6539 6574 6617 6657 6679 6704 6847 6869 6978 6985 7034 7065 7093 7174 7217 7323 7332 7393 7500 7583 7661 7820 7863 7871 7910 8096 8170 8194 8246 8265 8391 8457 8544 8656 8729 8793 8823 8869 8906 9002 9007 9026 9069 9134 9152 9168 9240 9244 9319 9321 9351 9390 9453 9523 10011 10013 10069 10080 10081 10085 10106 10132 10139 10155 10157 10174 10196 10201 10230 10249 10252 10255 10257 10286 10308 10336 10349 10351 10363 10371 10394 10407 10418 10428 10489 10491 10501 10517 10544 10572 10577 10579 10595 10602 10607 10623 10629 10649 10671 10674 10677 10682 10687 10698 10721 10723 10757 10777 10785 10811 10818 10864 10890 10916 10929 10944 10954 10971 10975 11006 11068 17297 17305 17314 
	}
	history={
	owner = KAZ
	add_core_of = KAZ
	}
	manpower=1
	buildings_max_level_factor=1.000
	state_category=town
	local_supplies=0.000
}
