state={
	id=51
	name="STATE_54"
	provinces={
		59 89 334 481 701 719 873 893 921 1043 1159 1517 1801 1967 2099 2187 2197 2575 2618 2678 2737 2811 2850 3136 3209 3264 3408 3602 3991 3994 4125 4179 4195 4355 4418 4596 4663 4877 5001 5158 5165 5280 5437 6361 6636 6740 6774 6850 7257 7451 7633 7665 8033 8084 8134 8323 8378 8697 8761 8958 9222 9306 9492 9531 11438 11477 11482 11483 11502 11504 11549 11559 11565 11570 11623 11626 11637 11694 
	}
	history={
	owner = TUR
	add_core_of = TUR
	}
	buildings_max_level_factor=1.000
        manpower=1
        state_category = town
}
