state={
	id=52
	name="STATE_55"
	provinces={
		43 179 239 670 847 928 966 1228 1240 1250 1256 1420 1440 1449 1632 1710 1816 2081 2084 2124 2343 2542 2734 2777 2804 2844 2937 2979 3064 3086 3310 3363 3462 3472 3521 3539 3544 3550 3625 3714 3826 3884 4135 4161 4174 4260 4277 4370 4576 4826 4831 4882 4889 4893 4988 5031 5127 5168 5182 5271 5276 5522 5880 5881 5962 5966 6484 6492 6730 6761 6963 7004 7026 7033 7177 7381 7386 7415 7445 7539 7578 8027 8038 8072 8145 8255 8297 8339 8648 8769 8798 9326 9348 11434 11439 11463 11471 11472 11480 11506 11514 11515 11568 11593 11596 11615 11647 11664 11688 11701 11725 11746 11768 
	}

	history={
		owner = TUR
		add_core_of = TUR
	}

	buildings_max_level_factor=1.000
	manpower=33183
	state_category = town
}
