state={
	id=53
	name="STATE_56"
	provinces={
		315 320 619 649 687 984 1063 1075 1103 1133 1201 1276 1318 1508 1532 1581 1742 1808 1876 1920 2014 2021 2033 2172 2235 2252 2254 2282 2375 2400 2628 2654 2683 2765 2790 2872 3040 3055 3091 3183 3235 3301 3311 3632 3661 3696 3838 3853 4086 4406 4494 4613 4647 4673 4830 5009 5024 5034 5070 5122 5133 5233 5281 5289 5333 5409 5524 5592 5594 5624 5658 5676 5688 5756 5779 5822 5850 5906 5970 6116 6131 6205 6281 6291 6337 6359 6438 6446 6609 6677 6711 6877 6888 6997 7045 7086 7158 7164 7173 7176 7285 7312 7319 7354 7418 7499 7501 7506 7521 7527 7596 7682 7774 7809 7899 7920 7979 8154 8303 8357 8365 8374 8396 8439 8440 8488 8493 8637 8745 8814 8861 8863 8870 8908 8990 9034 9053 9058 9170 9204 9209 9225 9283 9448 9476 9509 11459 11478 11485 11487 11488 11497 11499 11503 11510 11513 11518 11522 11526 11528 11534 11541 11546 11552 11556 11572 11575 11576 11583 11585 11589 11590 11595 11600 11609 11610 11613 11617 11632 11657 11658 11659 11672 11674 11685 11687 11690 11695 11700 11703 11705 11716 11721 11733 11745 11748 11755 11763 11789 11791 11798 11802 11806 11809 11817 11849 11863 11871 11921 11926 11943 11948 11956 12002 12013 12038 12045 12063 12085 17362 
	}
	history={
	owner = AZR
	add_core_of = AZR
	}
	manpower=687600
	buildings_max_level_factor=1.000
	state_category=town
	local_supplies=0.000
}
