state={
	id=55
	name="STATE_58"
	provinces={
		56 359 646 723 788 1045 1245 1366 1495 2025 2168 2433 2690 2887 3120 3879 4375 4933 5008 5013 5053 5180 5447 5451 5698 6172 6295 6422 6790 6882 7054 7589 7614 7626 7822 8022 8201 8249 8306 8369 8408 8454 8764 8789 8807 8821 8935 9018 9532 11550 11555 11603 11624 11629 11649 11652 11655 11668 11669 11671 11675 11684 11693 11706 11711 11726 11735 11738 11747 11761 11765 11769 11771 11785 11797 11801 
	}
	history={
	owner = ARM
	add_core_of = ARM
	}
	buildings_max_level_factor=1.000
        manpower=128609
        state_category = town
}
