state={
	id=56
	name="STATE_59"
	provinces={
		103 633 672 978 1423 1671 1722 1765 1892 2316 2364 2367 2625 2827 2989 3210 3386 3433 3479 3638 3740 3778 3945 4057 4298 4312 4351 4516 5026 5106 5139 5204 5350 5382 5751 5862 5924 6193 6231 6248 6314 6454 6518 6536 6646 6648 6760 6801 6865 6944 7070 7109 7124 7187 7244 7487 7773 7817 7923 8113 8176 8188 8266 8381 8416 8448 8509 8650 9012 9120 9333 9385 11527 11535 11539 11540 11542 11545 11548 11551 11554 11562 11567 11574 11584 11587 11588 11604 11614 11619 11620 11627 11638 11640 11641 11661 11665 11667 11676 11682 11697 11710 11717 11728 11744 11751 11766 11778 11816 
	}
	history={
	owner = ARM
	add_core_of = ARM
	Victory_points = { 2367 25 }
	Victory_points = { 4057 15 }
	    buildings = {
			infrastructure = 3
			industrial_complex = 2
			arms_factory = 2
		}
	}
	buildings_max_level_factor=1.000
        manpower=237700
        state_category = city
}
