state={
	id=57
	name="STATE_60"
	provinces={
		2 258 275 337 516 684 746 786 814 1275 1480 1489 1789 1881 2179 2419 2825 3163 3181 3250 3329 3628 3669 3755 3782 3812 3903 4199 4377 4683 4897 5011 5073 5109 5330 5778 5937 6055 6294 6478 6577 6747 7060 7249 7314 7540 7711 7926 8109 8197 8409 8434 8676 8680 8951 8991 11553 11563 11564 11591 11594 11601 11618 11625 11628 11644 11680 11713 11719 11720 11775 11782 11803 11882 11886 11937 
	}
	history={
	owner = TUR
	add_core_of = TUR
	}
	buildings_max_level_factor=1.000
        manpower=1
        state_category = town
}
