state={
	id=58
	name="STATE_61"
	provinces={
		116 215 308 313 417 437 470 892 1096 1222 1223 1314 1475 1540 1569 1624 1700 1733 1775 1825 1840 2001 2203 2407 2468 2594 2622 2653 2668 2938 3035 3099 3440 3467 3489 3496 3748 3792 3893 3970 3979 4027 4028 4137 4238 4251 4254 4542 4546 4784 4844 4849 5052 5115 5243 5431 5538 5664 5715 6045 6211 6232 6274 6290 6412 6433 6524 6748 6755 6804 6848 7076 7111 7196 7202 7281 7283 7300 7420 7433 7452 7480 7597 7641 7816 7846 7852 8043 8293 8314 8325 8500 8581 8678 8946 8979 9431 9436 9450 9508 9511 11580 11586 11633 11642 11666 11677 11683 11707 11729 11730 11739 11779 11790 11792 11799 11807 11812 11831 11840 11846 11850 11856 11859 11869 11875 11876 11893 11894 11910 11913 11927 11933 11942 11944 11949 11952 11962 11964 11966 11977 11981 11985 11986 11999 12006 12018 12027 12031 12032 12051 12055 12057 12064 12097 12112 12113 12131 12133 12136 17285 17295 
	}
	history={
	owner = AZR
	add_core_of = AZR
	Victory_points = { 4027 35 }
	}
	manpower=611300
	buildings_max_level_factor=1.000
	state_category=town
	local_supplies=0.000
}
