state={
	id=59
	name="STATE_62"
	provinces={
		25 149 483 698 956 1070 1280 1599 2116 2329 2454 2551 2627 3319 3953 4801 4970 5016 5093 5103 5312 5327 5603 5629 5806 5943 6070 6080 6180 6443 6480 6505 6578 6600 6800 6892 7378 7791 7956 7968 8142 8209 8515 8557 8713 8881 8949 9118 9128 9251 9512 11558 11566 11571 11579 11581 11606 11611 11616 11621 11636 11643 11670 11754 11758 11772 11773 11776 11822 11828 11830 11844 11860 11912 11925 11961 
	}
	history={
	owner = ARM
	add_core_of = ARM
	Victory_points = { 2116 30 }
	    buildings = {
			infrastructure = 4
			industrial_complex = 3
			arms_factory = 2
			air_base = 5
		}
	}
	manpower=235000
	buildings_max_level_factor=1.000
	state_category=large_city
	local_supplies=0.000
}
