state={
	id=60
	name="STATE_63"
	provinces={
		7 307 346 410 547 565 587 656 686 721 879 1038 1051 1095 1190 1267 1373 1438 1481 1655 1694 1747 1910 1974 1978 2030 2086 2128 2160 2161 2173 2217 2237 2279 2352 2420 2559 2567 2630 2687 2880 2901 2908 3047 3213 3234 3356 3368 3450 3500 3520 3554 3741 3770 4165 4241 4247 4281 4404 4446 4448 4499 4608 4649 4655 4692 4850 4921 5058 5065 5076 5174 5238 5277 5278 5320 5346 5466 5520 5657 5846 5870 5930 6023 6063 6220 6229 6355 6431 6580 6661 6772 6820 6866 7095 7172 7435 7448 7461 7481 7575 7590 7607 7656 7747 7768 7803 7997 8006 8160 8517 8522 8527 8719 8746 8834 9054 9194 9432 9461 9469 9474 11599 11608 11631 11635 11673 11692 11702 11737 11743 11760 11804 11811 11827 11862 11888 11923 11960 11968 11974 11978 11998 12017 12061 12066 12067 12120 12145 12161 12170 12182 12190 12194 12200 12211 12266 12277 12305 12317 12324 12341 12473 17335 
	}

	history={
		owner = TUR
		add_core_of = TUR
	}

	manpower=662155
	buildings_max_level_factor=1.000
	state_category=large_town
	local_supplies=0.000
}
