state={
	id=61
	name="STATE_64"
	provinces={
		367 383 552 674 709 773 791 1049 1059 1106 1225 1427 1432 1467 1499 1548 1551 1610 1891 1913 2381 2471 2731 3123 3231 3352 3405 3871 4062 4071 4143 4262 4285 4324 4411 4440 4504 4912 5248 5284 5472 5614 5616 5673 5959 6120 6700 6767 7398 7953 8010 8167 8534 8598 8664 8716 8784 8804 8962 9056 9150 9435 11646 11654 11662 11663 11686 11704 11727 11734 11736 11742 11757 11784 11796 11800 11823 11852 11883 11915 11930 
	}
	history={
	owner = TUR
	add_core_of = TUR
	victory_points = { 2471 30 }
	}
	buildings_max_level_factor=1.000
        manpower=824000
        state_category = large_city
}
