state={
	id=63
	name="STATE_66"
	provinces={
		224 432 523 600 728 779 812 895 998 1002 1218 1288 1369 1426 1573 1680 1976 2042 2068 2080 2383 2526 2591 2601 2719 2839 2963 3138 3188 3198 3218 3598 3657 3717 3738 3795 3870 3923 4176 4390 4436 4598 4749 4824 4957 4975 5022 5108 5292 5523 5749 5914 6004 6013 6300 6426 6552 6795 6816 6856 6989 7011 7305 7577 7690 7795 7867 8355 8394 8430 8521 8696 9167 9202 9317 9397 11607 11630 11651 11653 11656 11660 11709 11723 11741 11770 11814 11832 11857 11858 11868 11902 12099 12122 12140 12154 12168 12199 12229 12237 12287 12308 
	}
	history={
	owner = TUR
	add_core_of = TUR
	}
	buildings_max_level_factor=1.000
        manpower=1
        state_category = town
}
