state={
	id=64
	name="STATE_67"
	provinces={
		73 95 226 263 317 385 415 556 653 663 759 974 980 1008 1067 1130 1164 1180 1249 1317 1498 1523 1633 1715 1723 1773 1784 1879 1999 2008 2015 2050 2079 2129 2143 2144 2239 2251 2262 2313 2324 2652 2703 2788 2983 3022 3185 3266 3295 3383 3531 3649 3663 3676 3677 3781 3810 3811 3820 3955 4010 4023 4211 4550 4560 4607 4630 4696 4702 4890 5035 5067 5146 5242 5297 5316 5442 5460 5479 5593 5596 5687 5691 5706 5737 5769 5923 5974 5981 6017 6036 6073 6085 6173 6219 6224 6240 6283 6296 6376 6488 6615 6709 6770 6781 6826 6838 6945 7080 7091 7135 7141 7159 7221 7233 7250 7253 7265 7273 7309 7357 7464 7474 7475 7524 7606 7627 7727 7823 7850 7881 7987 8034 8037 8063 8094 8095 8261 8329 8387 8576 8741 8830 8857 8968 9033 9041 9135 9173 9288 9402 9466 11639 11679 11689 11691 11696 11699 11708 11714 11731 11749 11752 11762 11767 11774 11777 11781 11786 11795 11813 11819 11821 11835 11837 11838 11841 11843 11851 11864 11877 11878 11901 11904 11905 11906 11914 11918 11919 11928 11932 11936 11939 11953 11954 11959 11967 11970 11971 11990 11991 12008 12019 12021 12022 12034 12035 12036 12039 12040 12047 12076 12102 12105 12124 12135 12144 12153 12158 12173 12175 12179 12239 12245 12265 12398 
	}
	history={
	owner = AZR
	add_core_of = AZR
	}
	manpower=903600
	buildings_max_level_factor=1.000
	state_category=town
	local_supplies=0.000
}
