state={
	id=66
	name="STATE_69"
	provinces={
		148 203 216 234 293 295 297 379 391 422 465 469 525 541 580 606 627 667 668 691 700 713 715 726 774 799 830 884 888 915 947 963 970 1031 1044 1050 1131 1138 1139 1158 1193 1282 1292 1301 1302 1400 1403 1417 1430 1439 1461 1463 1476 1503 1562 1574 1579 1614 1626 1636 1647 1664 1665 1679 1721 1787 1802 1807 1847 1875 1887 1889 1922 1923 1942 1958 1961 1971 1988 1994 1997 2034 2072 2082 2094 2119 2175 2186 2232 2269 2270 2277 2292 2384 2460 2507 2545 2554 2635 2639 2674 2708 2714 2732 2739 2769 2815 2929 2934 3011 3032 3054 3063 3078 3094 3115 3124 3140 3221 3223 3278 3362 3380 3456 3516 3581 3590 3655 3733 3775 3986 3997 4018 4053 4098 4103 4120 4122 4168 4178 4192 4240 4258 4336 4379 4391 4412 4426 4512 4528 4594 4633 4666 4680 4721 4755 4764 4767 4778 4781 4859 4873 4992 5027 5030 5040 5051 5134 5236 5266 5286 5303 5343 5413 5414 5438 5482 5485 5493 5528 5579 5670 5679 5720 5758 5828 5919 5964 5988 6025 6094 6159 6214 6221 6255 6288 6512 6633 6688 6751 6879 6881 6906 6921 6950 7052 7082 7184 7197 7223 7290 7310 7340 7388 7416 7484 7520 7533 7547 7552 7582 7588 7654 7716 7730 7744 7745 7831 7921 7922 7924 7945 7962 7991 8001 8060 8065 8074 8159 8212 8222 8244 8298 8382 8390 8401 8425 8559 8562 8574 8604 8631 8668 8679 8720 8738 8772 8775 8782 8790 8815 8831 8856 8894 8940 8971 9020 9044 9080 9148 9171 9343 9399 9423 9489 9533 9541 11648 11787 11788 11794 11824 11848 11865 11891 11896 11916 11922 11951 11976 11992 11995 12029 12053 12060 12090 12094 12109 12119 12142 12178 12207 12238 12269 12275 12276 12290 12323 12329 12344 12346 12354 12383 12389 12391 12407 12415 12426 12432 12451 12454 12477 12490 12507 12522 12540 12542 12567 12574 12575 12577 12597 12641 12658 12684 12696 12715 12726 12743 12784 12785 12791 12816 12821 12834 12845 12848 12869 12885 12894 12901 12970 12988 12999 13097 13102 13165 
	}
	history={
	owner = TUR
	add_core_of = TUR
	}
	buildings_max_level_factor=1.000
        manpower=1
        state_category = town
}
