state={
	id=67
	name="STATE_70"
	provinces={
		22 109 257 380 403 447 604 730 754 825 858 1143 1174 1242 1343 1494 1629 1681 1713 1780 1853 2142 2242 2294 2320 2608 2673 2713 2798 2809 2882 3110 3193 3316 3373 3529 3747 3752 3800 3958 4044 4067 4108 4173 4184 4229 4313 4437 4447 4486 4625 4773 4809 4997 5061 5102 5260 5461 5741 5817 6044 6126 6279 6315 6447 6593 6606 6673 6708 7010 7089 7104 7296 7331 7344 7549 7911 7936 7938 7996 8120 8356 8528 8532 8582 8909 8911 8916 9376 9484 12993 12998 13002 13025 13064 13082 13083 13089 13123 13138 13163 13188 13207 13216 13223 13242 13268 13291 13297 13302 13322 13331 13346 13355 13357 13377 13390 13396 13412 
	}

	history={
		owner = TUR
		add_core_of = TUR
	}

	manpower=250966
	buildings_max_level_factor=1.000
	state_category=town
	local_supplies=0.000
}
