state={
	id=68
	name="STATE_71"
	provinces={
		12 13 134 557 624 882 1155 1182 1300 1353 1458 1502 1539 1619 1893 2102 2133 2156 2190 2258 2579 2619 2793 2881 3166 3419 3438 3455 3704 3730 3808 3906 4097 4292 4460 4479 4563 4574 4741 4785 4808 4886 4945 4989 5112 5143 5212 5384 5426 5444 5453 5502 5526 5809 5921 5986 6052 6084 6139 6164 6187 6320 6328 6392 6474 6515 6567 6569 6624 6641 6647 6649 6682 6738 6741 6765 6768 6771 6841 6871 6919 6955 7013 7139 7154 7226 7229 7267 7321 7349 7367 7422 7425 7526 7694 7739 7767 7873 7927 7940 7951 8078 8147 8220 8315 8358 8563 8568 8624 8630 8641 8794 8806 8852 8854 8887 8947 8954 8976 8983 9111 9184 9272 9391 9538 11678 11698 11722 11724 11732 11753 11756 11759 11808 11810 11834 11836 11842 11867 11872 11873 11874 11881 11890 11898 11899 11903 11935 11950 11957 11958 11972 11975 11982 11989 11997 12003 12033 12048 12049 12056 12075 12088 12091 12092 12101 12108 12127 12132 12138 12157 12160 12172 12181 12197 12222 12223 12244 12255 12258 12271 12279 12283 12298 12310 12331 12343 17299 
	}
	history={
	owner = AZR
	add_core_of = AZR
	}
	manpower=740000
	buildings_max_level_factor=1.000
	state_category=town
	local_supplies=0.000
}
