state={
	id=69 #nice
	name="STATE_72"
	provinces={
		20 170 228 660 708 1074 1231 1484 1554 1591 1900 2169 2255 2361 2418 2590 2704 2779 2840 2876 2944 2976 3061 3085 3174 3236 3342 3416 3418 3420 3432 3593 3641 3883 3892 4204 4345 4590 4606 4616 4822 5183 5339 5366 5432 5604 5830 5837 5860 5901 6184 6286 6835 6934 6996 7537 7616 7708 7828 7937 8049 8211 8594 8652 8917 8980 9243 9301 11805 11818 11895 11900 11909 11940 11965 12016 12065 12082 12152 12233 12274 12299 12365 12414 12487 12493 
	}

	history={
		owner = TUR
		add_core_of = TUR
	}

	buildings_max_level_factor=1.000
	manpower=169375
	state_category = town
}
