state={
	id=70
	name="STATE_73"
	provinces={
		158 969 1080 1424 1843 2054 2492 2536 2573 2766 3015 3263 4096 4358 4414 4519 4726 4730 4954 4974 5074 5206 5505 5550 5669 5750 6199 6237 6334 6511 6534 6560 7225 7274 7426 7503 7551 7558 7624 7674 8283 8447 8464 8750 8938 8939 8952 9021 9417 9458 11815 11825 11839 11889 11917 11920 11941 11946 11979 11983 11984 11987 11993 12020 12023 12030 12050 12054 12062 12068 12078 12083 12095 12096 12115 12118 12150 12155 12156 12166 12167 12195 12247 
	}
	history={
	owner = ARM
	add_core_of = ARM
	}
	buildings_max_level_factor=1.000
        manpower=128941
        state_category = town
}
