state={
	id=71
	name="STATE_74"
	provinces={
		105 132 761 943 1111 1257 1345 1510 1748 1948 1987 2527 2759 2803 2851 2927 3109 3171 3178 3251 3474 3508 3511 3648 3658 3804 3926 4031 4371 4462 4506 4568 4672 4874 4887 5136 5321 5331 5372 5583 5595 5627 5730 5973 6105 6395 6509 6640 6699 6727 6916 7036 7190 7242 7279 7341 7360 7545 7611 7640 7718 7731 7875 7904 8163 8463 8627 8681 8689 8706 8714 8736 8742 8803 8818 8838 8865 8899 8905 8992 9052 9085 9258 11820 11826 11829 11845 11855 11866 11870 11880 11884 11892 11897 11924 11938 11969 11996 12001 12005 12009 12010 12046 12080 12084 12100 12111 12116 12121 12130 12162 12174 12176 12180 12187 12192 12213 12225 12243 12246 12250 12260 12262 12267 12278 12286 12288 12292 12293 12302 12303 12306 12309 12313 12351 12352 12376 12377 12384 12416 12421 12462 12498 
	}
	history={
	owner = ARM
	add_core_of = ARM
	}
	manpower=209669
	buildings_max_level_factor=1.000
	state_category=town
	local_supplies=0.000
}
