state={
	id=72
	name="STATE_75"
	provinces={
		1146 1598 1734 1834 2253 2365 2663 3018 3119 3453 3886 4029 4401 4473 4854 5152 5942 6112 6161 6419 6485 6763 6961 7129 7133 7346 7754 8471 8605 8685 8726 8779 8867 9091 9253 9452 9514 11833 11854 11861 11879 11931 11947 11980 11988 11994 12012 12026 12069 12070 12107 12110 12126 12146 12151 12159 12183 12191 12212 12218 12221 12248 12291 
	}
	history={
	owner = ARM
	add_core_of = ARM
	}
	buildings_max_level_factor=1.000
        manpower=269883
        state_category = town
}
