state={
	id=75
	name="STATE_78"
	provinces={
		177 247 423 477 1336 1514 1684 1699 1903 1919 1934 2163 2334 2640 2952 3036 3217 3284 4416 4441 4490 4869 5886 6135 6243 6491 6659 6680 6752 6814 7127 7544 7593 7710 8305 8506 8966 9145 9189 9270 9464 9494 9534 11907 11908 11911 11934 11963 12004 12042 12043 12058 12077 12079 12089 12114 12139 12177 12280 12405 12450 12453 12488 12520 12578 12676 12720 
	}
	history={
	owner = AZR
	add_core_of = AZR
	}
	buildings_max_level_factor=1.000
        manpower=1
        state_category = town
}
