state={
	id=76
	name="STATE_79"
	provinces={
		46 112 265 284 318 535 585 800 863 1020 1134 1220 1238 1437 1482 1587 1641 1725 1779 2112 2170 2183 2291 2391 2638 2728 2785 2900 3029 3081 3117 3118 3227 3309 3317 3351 3464 3546 3570 3805 3877 3904 4136 4250 4269 4321 4342 4434 4514 4551 4592 4654 4894 5101 5154 5179 5328 5501 5797 5814 5907 5913 6056 6104 6278 6415 6541 6547 6667 6759 6922 6964 6974 7001 7037 7041 7047 7055 7061 7090 7142 7227 7294 7353 7523 7586 7649 7713 7732 7789 7929 8114 8129 8181 8375 8386 8611 8654 8658 8659 8735 8847 8886 8985 8987 9051 9081 9142 9313 9369 9429 9460 9463 9477 11973 12007 12014 12028 12052 12074 12086 12087 12098 12129 12137 12143 12147 12163 12171 12201 12210 12226 12228 12257 12261 12270 12289 12295 12314 12318 12321 12322 12328 12358 12371 12372 12382 12387 12400 12406 12410 12411 12423 12433 12449 12463 12470 12481 12482 12503 12642 12687 12729 12730 12762 12768 12778 12782 12803 12804 12838 12849 12855 12886 12896 12921 
	}
	history={
	owner = AZR
	add_core_of = AZR
	}
	buildings_max_level_factor=1.000
        manpower=904500
        state_category = town
}
