state={
	id=8
	name="STATE_8"
	provinces={
		5 16 23 53 107 193 248 273 274 344 350 365 429 459 509 575 623 652 658 716 738 979 999 1062 1078 1091 1244 1277 1287 1325 1402 1521 1640 1649 1792 1888 1924 1926 2091 2226 2249 2310 2372 2436 2578 2723 2808 2886 2906 2958 2995 3005 3176 3281 3286 3720 3729 3837 3858 3859 3875 3935 4065 4094 4162 4197 4253 4332 4347 4357 4361 4564 4565 4580 4587 4617 4686 4705 4765 4811 4837 4858 4931 4959 4960 4984 5096 5107 5149 5181 5319 5448 5508 5509 5513 5582 5585 5590 5602 5623 5671 5680 5820 5836 5852 5863 5956 6109 6170 6182 6186 6276 6302 6329 6391 6396 6442 6521 6684 6685 6726 7103 7167 7220 7235 7252 7443 7462 7463 7494 7555 7584 7693 8018 8032 8309 8349 8529 8554 9138 9141 9177 9182 9183 9293 9315 9409 9487 9491 9762 9802 9899 9906 9914 9929 9931 9939 9940 9952 9994 10005 10010 10026 10029 10045 10050 10054 10058 10063 10084 10096 10108 10111 10131 10165 10172 10178 10187 10188 10194 10205 10237 10238 10241 10253 10267 10269 10278 10279 10288 10306 17359 17360 
	}
	history={
		victory_points = { 9183 15 }
	    owner = RAS
	    add_core_of = RAS
	    buildings = {
			infrastructure = 2
			industrial_complex = 1
			arms_factory = 1
		}
	}
	manpower=1802579
	buildings_max_level_factor=1.000
	state_category=town
	local_supplies=0.000
}
