state={
	id=78
	name="STATE_81"
	provinces={
		32 52 74 144 163 173 210 316 372 443 462 473 512 521 533 566 568 629 665 694 702 776 803 813 832 877 981 983 988 1037 1110 1160 1196 1251 1258 1262 1263 1290 1340 1347 1520 1576 1617 1817 1932 1947 1951 1996 2005 2087 2136 2150 2165 2166 2171 2209 2240 2248 2256 2293 2302 2330 2427 2440 2642 2651 2659 2694 2747 2799 2833 2986 3048 3065 3095 3111 3145 3182 3194 3304 3481 3499 3501 3504 3535 3566 3578 3585 3596 3601 3626 3678 3734 3773 3818 3835 3844 3900 4078 4090 4113 4114 4138 4185 4213 4232 4424 4430 4619 4645 4661 4674 4684 4710 4766 4817 4847 4856 4966 4971 4977 4987 5088 5155 5175 5262 5283 5285 5305 5317 5356 5456 5555 5638 5652 5755 5789 5890 5898 5978 6048 6238 6306 6373 6499 6535 6540 6642 6662 6672 6689 6778 6799 6803 6808 6918 6949 7118 7150 7152 7182 7399 7438 7599 7610 7615 7636 7729 8064 8122 8259 8268 8350 8362 8480 8496 8518 8541 8602 8628 8694 8749 8752 8773 8860 8864 8964 9157 9164 9195 9223 9260 9290 9298 9325 9350 9354 9388 9401 12073 12128 12169 12189 12216 12234 12256 12259 12336 12357 12369 12388 12412 12413 12442 12447 12468 12511 12513 12521 12532 12564 12579 12596 12628 12679 12681 12692 12693 12708 12748 12759 12824 12839 12850 12878 12892 12915 12923 12927 12967 13021 13034 13037 13052 13081 13144 13162 13184 13192 13218 13251 13286 13311 13319 13326 13345 13381 13383 13409 
	}
	history={
	owner = TUR
	add_core_of = TUR
	}
	buildings_max_level_factor=1.000
        manpower=1
        state_category = town
}
