state={
	id=81
	name="STATE_84"
	provinces={
		76 563 1278 1524 1778 1781 1904 1984 2085 2152 2234 2442 2444 2516 2548 2562 2581 2717 2770 2828 2913 2977 3141 3457 3492 3579 3693 3779 3798 3947 3966 4083 4139 4541 4878 4994 4999 5239 5340 5371 5391 5457 5467 5718 5734 5763 5795 5833 5854 5865 5904 6150 6197 6308 6409 6614 6616 6655 6691 6725 6787 6876 6878 6885 6899 6923 7100 7271 7369 7455 7505 7511 7536 7647 7706 7762 7781 7830 7865 7954 7958 8002 8062 8068 8119 8143 8161 8231 8232 8278 8392 8415 8441 8465 8520 8647 8671 8780 8844 8874 8928 8959 8994 9200 9246 9304 9345 9364 9382 9404 9416 9427 9473 9516 9529 12103 12104 12117 12134 12148 12188 12196 12205 12206 12217 12219 12230 12253 12254 12268 12281 12282 12294 12297 12300 12334 12335 12342 12348 12360 12385 12390 12392 12396 12409 12417 12418 12446 12452 12458 12469 12478 12483 12486 12506 12508 12517 12524 12528 12537 12572 12584 12587 12599 12603 12608 12612 12619 12635 12636 12640 12661 12662 12664 12667 12668 12678 12683 12702 12704 12706 12707 12712 12719 12733 12734 12741 12749 12771 12776 12797 12809 12823 12829 12836 12853 12873 12880 12887 12911 12935 12956 12983 
	}
	history={
	owner = ARS
	add_core_of = AZR
	add_core_of = ARM
	add_core_of = ARS
	buildings = {
			infrastructure = 3
			industrial_complex = 2
			arms_factory = 2
		}
	}
	manpower=146573
	buildings_max_level_factor=1.000
	state_category=large_town
	local_supplies=0.000
}
