state={
	id=82
	name="STATE_85"
	provinces={
		41 55 71 699 784 807 838 906 908 918 1123 1212 1341 1387 1450 1468 1536 1698 1714 1788 1957 2040 2077 2164 2167 2278 2348 2465 2692 2796 3045 3050 3422 3466 3547 3611 3630 3703 3967 4012 4030 4145 4170 4171 4202 4367 4593 4653 4664 4776 4796 4843 4909 4918 4929 4962 5099 5159 5163 5176 5194 5202 5203 5205 5307 5352 5439 5534 5540 5620 5654 5771 5804 6015 6163 6236 6257 6413 6479 6586 6665 6717 6775 6777 6842 7207 7358 7387 7469 7600 7601 7628 7720 7748 7837 7880 7903 7967 7994 8005 8031 8103 8121 8151 8205 8285 8354 8443 8474 8477 8490 8620 8625 8728 9049 9197 9228 9255 9278 9342 9370 9482 12149 12164 12202 12215 12236 12241 12284 12296 12304 12332 12338 12366 12381 12404 12437 12479 12497 12535 12585 12594 12595 12615 12630 12652 12669 12673 12688 12742 12746 12761 12792 12794 12795 12798 12805 12806 12811 12815 12826 12833 12841 12852 12868 12877 12881 12890 12891 12899 12906 12922 12925 12950 12960 12972 12975 12976 12987 12991 12997 13001 13004 13016 13020 13023 13024 13035 13036 13059 13063 13070 13087 13098 13105 
	}
	history={
	owner = AZR
	add_core_of = AZR
	}
	manpower=501300
	buildings_max_level_factor=1.000
	state_category=town
	local_supplies=0.000
}
