state={
	id=83
	name="STATE_86"
	provinces={
		38 39 382 433 463 598 603 645 740 808 815 1472 1553 1729 1836 2043 2076 2078 2208 2244 2462 2519 2750 2771 2784 2835 2892 2930 2942 2965 3337 3513 3642 3650 3659 3697 3951 3999 4026 4106 4107 4116 4157 4272 4315 4380 4421 4472 4584 4810 4815 4832 4907 5014 5072 5077 5119 5123 5167 5210 5267 5388 5403 5510 5539 5656 5714 5723 5760 5772 5859 5871 5899 5944 5994 6053 6074 6095 6125 6128 6151 6166 6204 6226 6267 6310 6516 6550 6733 6829 6924 6991 7028 7029 7043 7098 7121 7125 7145 7168 7204 7230 7275 7325 7339 7504 7560 7564 7657 7821 7866 7959 7986 8061 8097 8155 8248 8250 8252 8253 8343 8467 8484 8536 8556 8558 8575 8588 8591 8597 8609 8640 8666 8672 8710 8747 8757 8781 8936 9009 9010 9011 9042 9045 9104 9106 9124 9176 9211 9232 9245 9267 9269 9275 9324 9334 9358 9362 9395 9495 12184 12185 12193 12204 12209 12214 12235 12240 12263 12273 12316 12330 12347 12353 12356 12363 12364 12380 12386 12427 12428 12429 12440 12448 12456 12457 12465 12480 12489 12502 12510 12519 12523 12536 12545 12558 12563 12565 12570 12573 12583 12586 12592 12602 12604 12605 12617 12618 12629 12648 12656 12657 12665 12666 12674 12711 12737 12738 12739 12740 12757 12758 12772 12777 12793 12802 12814 12827 12860 12876 12884 12904 12910 12914 12926 12934 12945 12949 12953 12954 12957 12963 12964 12982 12984 12986 13013 13019 13027 13051 13069 13071 13075 13076 13084 13092 13100 13129 13130 13135 13139 13146 13154 13157 13160 13161 13185 13201 13260 
	}
	history={
	owner = AZR
	add_core_of = AZR
	}
	manpower=343500
	buildings_max_level_factor=1.000
	state_category=town
	local_supplies=0.000
}
