state={
	id=85
	name="STATE_88"
	provinces={
		26 42 86 90 124 176 205 261 286 386 394 436 461 534 601 611 635 720 724 743 790 823 871 961 1237 1281 1303 1322 1338 1405 1513 1546 1601 1749 1767 1771 1859 1869 1880 1944 1955 1960 1962 2002 2024 2056 2092 2149 2189 2201 2214 2403 2435 2576 2616 2726 2817 2842 2883 3072 3073 3133 3283 3298 3340 3355 3522 3788 3822 3860 3882 3931 4060 4070 4154 4417 4444 4803 4885 5036 5055 5128 5170 5304 5311 5446 5558 5608 5878 6008 6100 6145 6250 6351 6472 6572 6758 6783 6874 6875 7348 7370 7423 7440 7681 7704 7807 7824 7893 7901 7973 8040 8107 8236 8436 8639 8816 9037 9114 9140 9199 9507 13310 13335 13351 13364 13373 13378 13404 13416 13419 13445 13453 13454 13468 13486 13501 13516 13534 13542 13549 13552 13564 13579 13586 13590 13592 13597 13621 13626 13632 
	}
	history={
	owner = PER
	add_core_of = PER
	}
	manpower=1
	buildings_max_level_factor=1.000
	state_category=town
	local_supplies=0.000
}
