state={
	id=90
	name="STATE_93"
	provinces={
		37 67 106 208 272 296 528 543 612 903 1165 1206 1320 1352 1515 1527 1653 1693 1772 2139 2393 2499 2748 2794 2818 2947 2992 3318 3389 3470 3681 3855 3944 4022 4042 4394 4456 4581 4695 4718 4743 4786 4969 5066 5132 5240 5247 5252 5309 5389 5481 5544 5633 5635 5697 5708 5761 5851 5908 6016 6026 6069 6140 6146 6200 6262 6270 6287 6381 6462 6470 6481 6523 6554 6588 6652 6676 6687 6817 6833 6859 6931 7005 7007 7025 7038 7105 7144 7191 7199 7261 7441 7516 7557 7652 7771 7841 7939 8127 8251 8262 8276 8284 8328 8418 8431 8459 8677 8826 8922 9280 9398 12311 12312 12345 12349 12359 12373 12378 12393 12394 12397 12401 12402 12403 12420 12424 12430 12431 12434 12435 12436 12459 12461 12466 12467 12471 12472 12484 12496 12504 12512 12529 12534 12541 12543 12544 12546 12560 12561 12562 12569 12590 12591 12593 12611 12613 12620 12634 12649 12650 12651 12654 12675 12680 12691 12699 12703 12716 12717 12722 12731 12747 12765 
	}
	history={
	owner = AZR
	add_core_of = AZR
	}
	manpower=522600
	buildings_max_level_factor=1.000
	state_category=town
	local_supplies=0.000
}
