state={
	id=92
	name="STATE_95"
	provinces={
		40 66 108 255 328 531 572 589 599 622 705 765 859 886 922 937 942 959 977 1214 1311 1312 1337 1501 1692 1717 1751 1774 2101 2108 2157 2321 2409 2599 2752 2757 2807 2814 2852 2898 2923 3150 3220 3228 3253 3260 3269 3350 3411 3452 3624 3635 3651 3728 3756 3784 3960 3971 3974 4051 4085 4201 4215 4329 4340 4381 4386 4388 4427 4575 4642 4644 4762 4967 5042 5068 5084 5121 5148 5219 5473 5543 5560 5672 5792 6031 6079 6114 6242 6354 6595 6749 6809 6907 6939 6951 7063 7165 7365 7395 7489 7492 7653 7705 7775 7805 7810 7849 7894 7990 8045 8070 8073 8164 8327 8364 8513 8808 8845 8974 8995 9437 9535 12408 12425 12438 12443 12464 12492 12499 12514 12538 12539 12547 12548 12555 12566 12576 12580 12606 12607 12621 12622 12624 12637 12643 12645 12646 12689 12694 12695 12721 12750 12753 12754 12755 12769 12779 12787 12796 12800 12858 12864 12893 12936 12946 12958 12968 
	}
	history={
	owner = TUR
	add_core_of = TUR
	}
	manpower=1
	buildings_max_level_factor=1.000
	state_category=town
	local_supplies=0.000
}
