state={
	id=93
	name="STATE_96"
	provinces={
		294 671 690 1089 1442 1478 2520 2889 3243 3640 3806 3901 4435 4736 4802 5411 5434 5744 5864 5960 5992 6028 6210 6227 6352 6407 6635 6754 6782 6864 6946 7210 7413 7449 7498 7559 7585 7666 7897 7974 7993 8288 8308 8318 8342 8376 8424 8523 8549 8592 8758 8866 9027 9039 9113 9143 9178 9242 9285 9444 9490 12441 12475 12491 12495 12501 12505 12516 12527 12531 12550 12551 12553 12554 12556 12557 12589 12598 12601 12610 12616 12623 12625 12626 12632 12638 12663 12672 12682 12697 12700 12701 12723 12724 12725 12732 12735 12736 12756 12760 12764 12767 12774 12786 12788 12789 12801 12818 12831 12837 12863 
	}
	history={
	owner = ARM
	add_core_of = ARM
	}
	buildings_max_level_factor=1.000
        manpower=52324
        state_category = town
}
