state={
	id=94
	name="STATE_97"
	provinces={
		24 83 126 138 165 195 196 267 333 626 641 758 763 801 867 957 1029 1253 1382 1385 1414 1474 1496 1615 1750 1842 1873 1938 2083 2127 2261 2347 2387 2413 2423 2424 2478 2504 2697 2733 2834 2866 2933 2980 3042 3134 3139 3156 3393 3425 3447 3526 3710 3759 4013 4101 4104 4105 4121 4144 4282 4325 4515 4557 4610 4706 4731 4835 4973 5033 5085 5299 5416 5468 5490 5588 5743 5889 5920 6011 6047 6153 6217 6260 6304 6350 6448 6452 6571 6852 7009 7027 7208 7444 7826 7878 7888 7998 8059 8088 8116 8247 8291 8395 8452 8499 8504 8684 8718 8762 9102 9181 9205 9368 9400 9424 12474 12533 12549 12600 12631 12647 12670 12690 12709 12713 12718 12744 12745 12751 12766 12773 12810 12840 12854 12861 12882 12907 12916 12917 12920 12930 12931 12948 12977 12994 13010 13042 13046 13148 13152 13198 13199 13228 
	}
	history={
	owner = TUR
	add_core_of = TUR
	}
	buildings_max_level_factor=1.000
        manpower=1
        state_category = town
}
