state={
	id=95
	name="STATE_98"
	provinces={
		171 206 654 821 1530 1645 1845 1916 2053 2219 2257 2479 2657 2718 2848 2895 2978 3079 3116 3246 3292 3435 3458 3545 3968 4002 4059 4223 4267 4275 4339 4409 4548 4572 4634 4703 5408 5412 5436 5449 5454 5489 5636 5731 5996 6057 6071 6118 6225 6244 6271 6417 6437 6495 6544 6622 6694 6703 6706 6735 6812 6962 6975 6987 7057 7185 7212 7241 7377 7391 7483 7604 7642 7740 7778 7783 7983 8011 8024 8056 8269 8282 8359 8445 8548 8606 8607 8638 8657 8708 8880 8895 8898 8927 8933 8945 8953 9005 9043 9095 9096 9198 9212 9216 9277 9371 9420 9486 9536 12582 12627 12633 12639 12655 12659 12660 12686 12698 12710 12752 12770 12775 12781 12790 12799 12807 12808 12812 12813 12819 12820 12825 12832 12835 12842 12843 12847 12857 12862 12867 12871 12872 12875 12889 12895 12905 12908 12909 12937 12940 12952 12959 12971 12974 12981 13005 13006 13007 13008 13030 13033 13040 13045 13048 13049 13050 13068 13080 13091 13094 13095 13103 13109 13112 13118 13121 13122 13134 13142 13147 13153 13156 13169 13171 13172 13179 13182 13197 13209 13215 13217 13222 13224 13229 13234 13253 13264 13272 13274 13277 13287 13289 13290 13303 
	}
	history = {
	owner = ARM
	add_core_of = ARM
	victory_points = { 9277 20 }
	victory_points = { 8282 10 }
	victory_points = { 12872 15 }
	victory_points = { 5489 10 }
	buildings = {
			infrastructure = 3
			industrial_complex = 2
			arms_factory = 1
		}
	}
	manpower=141771
	buildings_max_level_factor=1.000
	state_category=large_city
	local_supplies=0.000
}
